    4.7776    4.5358  173.5961    0.2649    1.0000    1.0000    1.0000
    4.0052    4.9039  160.3628    0.9988    0.8152    1.0000    1.0000
    4.9756    2.6961  128.1030    5.3084    0.4468    1.0000    1.0000
    3.5569    3.1381   89.9974    5.5492    0.2356    1.0000    1.0000
    1.4641    4.4685   88.4437   12.7852    0.1803    1.0000    1.0000
    1.5085    2.5176   34.4564   18.3525    0.2049    1.0000    1.0000
    2.1905    1.6494   30.0749   19.1199    0.2230    1.0000    1.0000
    2.4793    1.1437   29.8194   21.2252    0.2127    1.0000    1.0000
    2.2886    0.9682   24.7001   23.6072    0.2301    1.0000    1.0000
    1.5905    1.2088   15.9630   25.9982    0.2777    1.0000    1.0000
    0.9840    0.9769    7.6903   32.3136    0.3164    1.0000    1.0000
   -0.4312    0.8740    3.7988   46.5220    0.3100    1.0000    1.0000
    4.7866    0.4927   92.6171   20.3617    0.1469    2.0000    1.0000
    0.5087    2.9292   35.3547   24.4606    0.1679    2.0000    1.0000
    0.5401    2.7360   31.1102   25.0167    0.1864    2.0000    1.0000
    1.0569    1.6966   15.9819   26.4604    0.2754    2.0000    1.0000
   -0.9871    0.5859    5.2710   55.3296    0.2856    2.0000    1.0000
    3.9733    0.0368   63.1553   25.6877    0.0847    3.0000    1.0000
   -1.3261    3.2062   48.1522   43.2372    0.0508    3.0000    1.0000
   -1.1323    2.4631   29.3962   44.0415    0.1283    3.0000    1.0000
    1.5792   -1.8154   23.1584   58.1509    0.1478    3.0000    1.0000
    0.6682   -1.6068   12.1131   62.4136    0.2269    3.0000    1.0000
   -1.6998    0.1997   11.7174   67.9310    0.2339    3.0000    1.0000
    4.6854   -0.1962   87.9657   27.0994    0.0995    4.0000    1.0000
   -0.1936    4.4709   80.1074   27.2537    0.0828    4.0000    1.0000
    2.5545   -1.9619   41.4987   54.4483    0.0558    4.0000    1.0000
   -1.7701    2.0618   29.5369   54.4679    0.1118    4.0000    1.0000
   -1.5776   -0.7849   12.4193   76.7299    0.2432    4.0000    1.0000
   -0.5452    4.5376   83.5478   30.9628    0.0728    5.0000    1.0000
    1.5823   -2.3842   32.7532   66.2079    0.0952    5.0000    1.0000
   -1.5292   -1.2520   15.6235   81.7176    0.2319    5.0000    1.0000
    4.9914   -1.2442  105.8488   38.9895    0.1231    6.0000    1.0000
   -2.8205    0.5290   32.9400   81.1495    0.1222    6.0000    1.0000
   -3.6684    4.9792  152.9980   75.1415    0.4999    7.0000    1.0000
    4.6592   -3.8418  145.8689   78.2938    0.4281    7.0000    1.0000
    4.2863   -3.8579  133.0235   78.9725    0.3052    7.0000    1.0000
    4.0192   -3.8576  124.1399   79.4182    0.2336    7.0000    1.0000
   -3.9962    3.8588  123.4384   82.2335    0.2363    7.0000    1.0000
    1.7298   -3.6247   64.5222   85.0793    0.0447    7.0000    1.0000
    1.7453   -3.9943   76.0008   91.4899    0.0711    8.0000    1.0000
    1.1231   -3.9875   68.6466   95.8052    0.0881    8.0000    1.0000
   -4.2625    2.3113   94.0424   93.0223    0.1171    9.0000    1.0000
    1.6193   -4.0673   76.6590   93.6441    0.0814    9.0000    1.0000
   -4.8389    2.3402  115.5673  103.8786    0.2803   10.0000    1.0000
   -4.9464   -0.0240   97.8717  124.1720    0.3401   10.0000    1.0000
   -0.9754   -4.5185   85.4723  126.3073    0.3211   10.0000    1.0000
   -3.5216   -2.8404   81.8784  134.0896    0.3894   10.0000    1.0000
   -2.9313   -4.3829  111.2099  150.9445    0.6920   11.0000    1.0000
   -2.4320   -4.8485  117.6909  152.2280    0.7487   12.0000    1.0000
   -3.4928   -4.2344  120.5202  157.4024    0.8360   13.0000    1.0000
    4.7776    4.5358  173.5961    0.2649    1.0000    1.0000    1.0000
    3.5569    3.1381   89.9974    5.5492    0.2356    1.0000    1.0000
    1.4641    4.4685   88.4437   12.7852    0.1803    1.0000    1.0000
    1.5085    2.5176   34.4564   18.3525    0.2049    1.0000    1.0000
    2.1905    1.6494   30.0749   19.1199    0.2230    1.0000    1.0000
    1.5905    1.2088   15.9630   25.9982    0.2777    1.0000    1.0000
    0.9840    0.9769    7.6903   32.3136    0.3164    1.0000    1.0000
   -0.4312    0.8740    3.7988   46.5220    0.3100    1.0000    1.0000
    4.0881    4.5625  150.1168    1.0229    1.0000    1.0000    1.0000
    4.0691    4.7149  155.1509    0.9478    0.8152    1.0000    1.0000
    3.5140    3.9707  112.4578    3.2678    0.2356    1.0000    1.0000
    1.3397    4.3479   82.7967   13.8228    0.1803    1.0000    1.0000
    1.5753    2.1353   28.1646   19.9349    0.2049    1.0000    1.0000
    2.4962    1.6095   35.2862   17.7645    0.2230    1.0000    1.0000
    2.1330    1.1714   23.6871   22.8778    0.2127    1.0000    1.0000
    0.7501    0.9896    6.1683   34.1444    0.3164    1.0000    1.0000
    4.0052    4.9039  160.3628    0.9988    0.8152    2.0000    1.0000
    4.9756    2.6961  128.1030    5.3084    0.4468    2.0000    1.0000
    2.4793    1.1437   29.8194   21.2252    0.2127    2.0000    1.0000
    2.2886    0.9682   24.7001   23.6072    0.2301    2.0000    1.0000
    4.7866    0.4927   92.6171   20.3617    0.1469    2.0000    1.0000
    1.0569    1.6966   15.9819   26.4604    0.2754    2.0000    1.0000
    5.0000    2.0781  117.2744    8.5374    0.4468    2.0000    1.0000
   -0.4356    0.8750    3.8213   46.5609    0.3100    2.0000    1.0000
    1.1135    1.6651   16.0499   26.2262    0.2754    2.0000    1.0000
    3.2874    0.8228   45.9361   20.3822    0.0995    2.0000    1.0000
    0.5401    2.7360   31.1102   25.0167    0.1864    3.0000    1.0000
    2.6905    0.8358   31.7492   22.6742    0.2301    3.0000    1.0000
    1.7075    1.0515   16.0850   26.4312    0.2777    3.0000    1.0000
    4.0036    0.4141   64.8020   22.0236    0.1469    3.0000    1.0000
    0.5787    2.4960   26.2591   25.8180    0.1864    3.0000    1.0000
   -0.7826    0.6582    4.1831   52.2902    0.2856    3.0000    1.0000
    0.5087    2.9292   35.3547   24.4606    0.1679    4.0000    1.0000
   -0.9871    0.5859    5.2710   55.3296    0.2856    4.0000    1.0000
    0.5299    2.0000   17.1232   28.9819    0.1679    4.0000    1.0000
    3.9733    0.0368   63.1553   25.6877    0.0847    5.0000    1.0000
   -1.1323    2.4631   29.3962   44.0415    0.1283    5.0000    1.0000
    1.5792   -1.8154   23.1584   58.1509    0.1478    5.0000    1.0000
    0.6682   -1.6068   12.1131   62.4136    0.2269    5.0000    1.0000
   -1.6998    0.1997   11.7174   67.9310    0.2339    5.0000    1.0000
    3.6580    0.0342   53.5276   26.4603    0.0847    5.0000    1.0000
   -0.7546    3.1252   41.3448   36.6301    0.0508    5.0000    1.0000
    1.8918   -1.5331   23.7164   52.3417    0.1478    5.0000    1.0000
   -1.3261    3.2062   48.1522   43.2372    0.0508    6.0000    1.0000
    4.6854   -0.1962   87.9657   27.0994    0.0995    6.0000    1.0000
   -0.1936    4.4709   80.1074   27.2537    0.0828    6.0000    1.0000
   -1.7701    2.0618   29.5369   54.4679    0.1118    6.0000    1.0000
   -1.1798    2.5433   31.4404   44.2248    0.1283    6.0000    1.0000
    0.4945   -1.6773   12.2314   64.8856    0.2269    6.0000    1.0000
   -1.7119    2.1563   30.3203   53.1367    0.1118    6.0000    1.0000
    4.7776    4.5358  173.5961    0.2649    1.0000    1.0000    1.0000
    3.5569    3.1381   89.9974    5.5492    0.2356    1.0000    1.0000
    1.5085    2.5176   34.4564   18.3525    0.2049    1.0000    1.0000
    2.1905    1.6494   30.0749   19.1199    0.2230    1.0000    1.0000
    1.5905    1.2088   15.9630   25.9982    0.2777    1.0000    1.0000
    0.9840    0.9769    7.6903   32.3136    0.3164    1.0000    1.0000
   -0.4312    0.8740    3.7988   46.5220    0.3100    1.0000    1.0000
    4.0881    4.5625  150.1168    1.0229    1.0000    1.0000    1.0000
    3.5140    3.9707  112.4578    3.2678    0.2356    1.0000    1.0000
    1.5753    2.1353   28.1646   19.9349    0.2049    1.0000    1.0000
    2.4962    1.6095   35.2862   17.7645    0.2230    1.0000    1.0000
    2.1330    1.1714   23.6871   22.8778    0.2127    1.0000    1.0000
    0.7501    0.9896    6.1683   34.1444    0.3164    1.0000    1.0000
    4.1567    4.6324  154.9493    0.8462    1.0000    1.0000    1.0000
    3.7085    3.4844  103.5765    3.9650    0.1343    1.0000    1.0000
    2.3899    1.9610   38.2289   16.0480    0.0296    1.0000    1.0000
    1.7238    1.8447   25.4975   20.6894    0.0706    1.0000    1.0000
    0.7600    0.8279    5.0521   35.3840    0.1095    1.0000    1.0000
    4.1948    4.0378  135.6034    1.5740    0.6718    1.0000    1.0000
    4.8499    4.8401  187.7918    0.0481    0.7361    1.0000    1.0000
    3.1563    3.5792   91.0890    5.4182    0.2844    1.0000    1.0000
    1.5523    2.3470   31.6715   18.9254    0.0335    1.0000    1.0000
    2.6255    1.5641   37.3602   17.4432    0.0204    1.0000    1.0000
    0.8488    0.8869    6.0282   34.1501    0.1185    1.0000    1.0000
    4.3784    4.6258  162.2730    0.5264    0.8056    1.0000    1.0000
    4.7190    3.8528  148.4515    1.3951    0.4148    1.0000    1.0000
    1.1416    1.8839   19.4092   24.5974    0.0704    1.0000    1.0000
   -0.4189    0.8467    3.5693   46.6142    0.1490    1.0000    1.0000
    1.2356    1.6337   16.7837   25.5021    0.0702    1.0000    1.0000
    2.7326    2.4413   53.7088   11.6879    0.0222    1.0000    1.0000
    1.7080    1.1064   16.5665   25.9967    0.0700    1.0000    1.0000
    0.7405    1.6103   12.5659   29.6334    0.0654    1.0000    1.0000
    1.4641    4.4685   88.4437   12.7852    0.1803    2.0000    1.0000
    4.0691    4.7149  155.1509    0.9478    0.8152    2.0000    1.0000
    1.3397    4.3479   82.7967   13.8228    0.1803    2.0000    1.0000
    4.9756    2.6961  128.1030    5.3084    0.4468    2.0000    1.0000
    2.2886    0.9682   24.7001   23.6072    0.2301    2.0000    1.0000
    1.0569    1.6966   15.9819   26.4604    0.2754    2.0000    1.0000
   -0.4356    0.8750    3.8213   46.5609    0.3100    2.0000    1.0000
    1.1135    1.6651   16.0499   26.2262    0.2754    2.0000    1.0000
    1.5003    2.6637   37.3843   17.7062    0.0211    2.0000    1.0000
    1.6696   -0.0732   11.1711   36.8297    0.1491    2.0000    1.0000
    1.1879    4.2882   79.1999   15.0390    0.0820    2.0000    1.0000
    2.1799    1.3611   26.4190   21.1943    0.0439    2.0000    1.0000
    2.0002    1.0048   20.0421   24.9604    0.0279    2.0000    1.0000
    2.0784    0.8141   19.9294   26.0577    0.0402    2.0000    1.0000
    4.2500    2.3889   95.0774    7.3803    0.3082    2.0000    1.0000
    4.0052    4.9039  160.3628    0.9988    0.8152    3.0000    1.0000
    2.4793    1.1437   29.8194   21.2252    0.2127    3.0000    1.0000
    5.0000    2.0781  117.2744    8.5374    0.4468    3.0000    1.0000
    4.7776    4.5358  173.5961    0.2649    1.0000    1.0000    1.0000
    3.5569    3.1381   89.9974    5.5492    0.2356    1.0000    1.0000
    1.5085    2.5176   34.4564   18.3525    0.2049    1.0000    1.0000
    2.1905    1.6494   30.0749   19.1199    0.2230    1.0000    1.0000
    1.5905    1.2088   15.9630   25.9982    0.2777    1.0000    1.0000
    0.9840    0.9769    7.6903   32.3136    0.3164    1.0000    1.0000
   -0.4312    0.8740    3.7988   46.5220    0.3100    1.0000    1.0000
    4.0881    4.5625  150.1168    1.0229    1.0000    1.0000    1.0000
    3.5140    3.9707  112.4578    3.2678    0.2356    1.0000    1.0000
    1.5753    2.1353   28.1646   19.9349    0.2049    1.0000    1.0000
    0.7501    0.9896    6.1683   34.1444    0.3164    1.0000    1.0000
    4.1567    4.6324  154.9493    0.8462    1.0000    1.0000    1.0000
    3.7085    3.4844  103.5765    3.9650    0.1343    1.0000    1.0000
    2.3899    1.9610   38.2289   16.0480    0.0296    1.0000    1.0000
    1.7238    1.8447   25.4975   20.6894    0.0706    1.0000    1.0000
    0.7600    0.8279    5.0521   35.3840    0.1095    1.0000    1.0000
    4.1948    4.0378  135.6034    1.5740    0.6718    1.0000    1.0000
    4.8499    4.8401  187.7918    0.0481    0.7361    1.0000    1.0000
    3.1563    3.5792   91.0890    5.4182    0.2844    1.0000    1.0000
    1.5523    2.3470   31.6715   18.9254    0.0335    1.0000    1.0000
    0.8488    0.8869    6.0282   34.1501    0.1185    1.0000    1.0000
    4.3784    4.6258  162.2730    0.5264    0.8056    1.0000    1.0000
    4.7190    3.8528  148.4515    1.3951    0.4148    1.0000    1.0000
   -0.4189    0.8467    3.5693   46.6142    0.1490    1.0000    1.0000
    1.2356    1.6337   16.7837   25.5021    0.0702    1.0000    1.0000
    2.7326    2.4413   53.7088   11.6879    0.0222    1.0000    1.0000
    1.7080    1.1064   16.5665   25.9967    0.0700    1.0000    1.0000
    0.7405    1.6103   12.5659   29.6334    0.0654    1.0000    1.0000
    4.7930    4.6565  178.6234    0.1608    0.7916    1.0000    1.0000
    2.7099    3.4678   77.4754    7.5924    0.0596    1.0000    1.0000
    1.9585    2.5156   40.6567   15.4228    0.0448    1.0000    1.0000
    2.4153    1.5781   33.2966   18.3899    0.0606    1.0000    1.0000
    1.5010    0.6943   10.9397   30.7826    0.1310    1.0000    1.0000
    0.8574    0.8759    6.0092   34.1695    0.1901    1.0000    1.0000
    2.5542    3.7817   83.3025    7.4660    0.1731    1.0000    1.0000
    1.7933    2.3613   35.1675   17.2454    0.0683    1.0000    1.0000
    0.8698    0.8145    5.6796   34.5773    0.2037    1.0000    1.0000
    1.6133    1.7266   22.3350   22.1851    0.0799    1.0000    1.0000
    0.7736    0.9439    5.9571   34.3151    0.2139    1.0000    1.0000
    4.3125    4.7902  166.1735    0.5167    0.3543    1.0000    1.0000
    3.8750    3.8527  119.4369    2.5818    0.0637    1.0000    1.0000
    1.6250    2.0743   27.7726   19.9506    0.0546    1.0000    1.0000
    0.7501    0.9375    5.7664   34.5653    0.2047    1.0000    1.0000
    4.1354    4.0106  132.7452    1.7265    0.6430    1.0000    1.0000
   -0.4063    0.8281    3.4034   46.6324    0.2559    1.0000    1.0000
    1.0626    1.6411   15.2892   26.7855    0.1260    1.0000    1.0000
    2.4202    2.8788   56.5781   11.1552    0.0062    1.0000    1.0000
    1.5625    1.1253   14.8309   26.8297    0.1277    1.0000    1.0000
    0.6416    1.6096   12.0093   30.4907    0.1551    1.0000    1.0000
    4.0939    4.0005  131.0550    1.8201    0.5570    1.0000    1.0000
    4.7776    4.5358  173.5961    0.2649    1.0000    1.0000    1.0000
    3.5569    3.1381   89.9974    5.5492    0.2356    1.0000    1.0000
    1.5085    2.5176   34.4564   18.3525    0.2049    1.0000    1.0000
    2.1905    1.6494   30.0749   19.1199    0.2230    1.0000    1.0000
    1.5905    1.2088   15.9630   25.9982    0.2777    1.0000    1.0000
    0.9840    0.9769    7.6903   32.3136    0.3164    1.0000    1.0000
    4.0881    4.5625  150.1168    1.0229    1.0000    1.0000    1.0000
    3.5140    3.9707  112.4578    3.2678    0.2356    1.0000    1.0000
    1.5753    2.1353   28.1646   19.9349    0.2049    1.0000    1.0000
    0.7501    0.9896    6.1683   34.1444    0.3164    1.0000    1.0000
    4.1567    4.6324  154.9493    0.8462    1.0000    1.0000    1.0000
    3.7085    3.4844  103.5765    3.9650    0.1343    1.0000    1.0000
    2.3899    1.9610   38.2289   16.0480    0.0296    1.0000    1.0000
    1.7238    1.8447   25.4975   20.6894    0.0706    1.0000    1.0000
    0.7600    0.8279    5.0521   35.3840    0.1095    1.0000    1.0000
    4.1948    4.0378  135.6034    1.5740    0.6718    1.0000    1.0000
    4.8499    4.8401  187.7918    0.0481    0.7361    1.0000    1.0000
    3.1563    3.5792   91.0890    5.4182    0.2844    1.0000    1.0000
    1.5523    2.3470   31.6715   18.9254    0.0335    1.0000    1.0000
    0.8488    0.8869    6.0282   34.1501    0.1185    1.0000    1.0000
    4.3784    4.6258  162.2730    0.5264    0.8056    1.0000    1.0000
    4.7190    3.8528  148.4515    1.3951    0.4148    1.0000    1.0000
    1.2356    1.6337   16.7837   25.5021    0.0702    1.0000    1.0000
    2.7326    2.4413   53.7088   11.6879    0.0222    1.0000    1.0000
    1.7080    1.1064   16.5665   25.9967    0.0700    1.0000    1.0000
    0.7405    1.6103   12.5659   29.6334    0.0654    1.0000    1.0000
    4.7930    4.6565  178.6234    0.1608    0.7916    1.0000    1.0000
    2.7099    3.4678   77.4754    7.5924    0.0596    1.0000    1.0000
    1.9585    2.5156   40.6567   15.4228    0.0448    1.0000    1.0000
    2.4153    1.5781   33.2966   18.3899    0.0606    1.0000    1.0000
    1.5010    0.6943   10.9397   30.7826    0.1310    1.0000    1.0000
    0.8574    0.8759    6.0092   34.1695    0.1901    1.0000    1.0000
    2.5542    3.7817   83.3025    7.4660    0.1731    1.0000    1.0000
    1.7933    2.3613   35.1675   17.2454    0.0683    1.0000    1.0000
    0.8698    0.8145    5.6796   34.5773    0.2037    1.0000    1.0000
    1.6133    1.7266   22.3350   22.1851    0.0799    1.0000    1.0000
    0.7736    0.9439    5.9571   34.3151    0.2139    1.0000    1.0000
    3.8750    3.8527  119.4369    2.5818    0.0637    1.0000    1.0000
    1.6250    2.0743   27.7726   19.9506    0.0546    1.0000    1.0000
    0.7501    0.9375    5.7664   34.5653    0.2047    1.0000    1.0000
    4.1354    4.0106  132.7452    1.7265    0.6430    1.0000    1.0000
    1.0626    1.6411   15.2892   26.7855    0.1260    1.0000    1.0000
    2.4202    2.8788   56.5781   11.1552    0.0062    1.0000    1.0000
    1.5625    1.1253   14.8309   26.8297    0.1277    1.0000    1.0000
    0.6416    1.6096   12.0093   30.4907    0.1551    1.0000    1.0000
    4.0939    4.0005  131.0550    1.8201    0.5570    1.0000    1.0000
    3.2170    3.3125   85.2880    6.0266    0.0620    1.0000    1.0000
    1.7188    1.4532   20.2634   23.3465    0.1244    1.0000    1.0000
    0.9200    0.6914    5.2978   35.2104    0.1817    1.0000    1.0000
    3.1367    3.8135   97.5269    4.8796    0.1764    1.0000    1.0000
    4.7776    4.5358  173.5961    0.2649    1.0000    1.0000    1.0000
    3.5569    3.1381   89.9974    5.5492    0.2356    1.0000    1.0000
    2.1905    1.6494   30.0749   19.1199    0.2230    1.0000    1.0000
    1.5905    1.2088   15.9630   25.9982    0.2777    1.0000    1.0000
    0.9840    0.9769    7.6903   32.3136    0.3164    1.0000    1.0000
    3.5140    3.9707  112.4578    3.2678    0.2356    1.0000    1.0000
    1.5753    2.1353   28.1646   19.9349    0.2049    1.0000    1.0000
    4.1567    4.6324  154.9493    0.8462    1.0000    1.0000    1.0000
    3.7085    3.4844  103.5765    3.9650    0.1343    1.0000    1.0000
    2.3899    1.9610   38.2289   16.0480    0.0296    1.0000    1.0000
    1.7238    1.8447   25.4975   20.6894    0.0706    1.0000    1.0000
    0.7600    0.8279    5.0521   35.3840    0.1095    1.0000    1.0000
    4.1948    4.0378  135.6034    1.5740    0.6718    1.0000    1.0000
    4.8499    4.8401  187.7918    0.0481    0.7361    1.0000    1.0000
    3.1563    3.5792   91.0890    5.4182    0.2844    1.0000    1.0000
    1.5523    2.3470   31.6715   18.9254    0.0335    1.0000    1.0000
    0.8488    0.8869    6.0282   34.1501    0.1185    1.0000    1.0000
    4.3784    4.6258  162.2730    0.5264    0.8056    1.0000    1.0000
    4.7190    3.8528  148.4515    1.3951    0.4148    1.0000    1.0000
    1.2356    1.6337   16.7837   25.5021    0.0702    1.0000    1.0000
    2.7326    2.4413   53.7088   11.6879    0.0222    1.0000    1.0000
    0.7405    1.6103   12.5659   29.6334    0.0654    1.0000    1.0000
    4.7930    4.6565  178.6234    0.1608    0.7916    1.0000    1.0000
    1.9585    2.5156   40.6567   15.4228    0.0448    1.0000    1.0000
    2.4153    1.5781   33.2966   18.3899    0.0606    1.0000    1.0000
    1.5010    0.6943   10.9397   30.7826    0.1310    1.0000    1.0000
    0.8574    0.8759    6.0092   34.1695    0.1901    1.0000    1.0000
    1.7933    2.3613   35.1675   17.2454    0.0683    1.0000    1.0000
    0.8698    0.8145    5.6796   34.5773    0.2037    1.0000    1.0000
    1.6133    1.7266   22.3350   22.1851    0.0799    1.0000    1.0000
    0.7736    0.9439    5.9571   34.3151    0.2139    1.0000    1.0000
    3.8750    3.8527  119.4369    2.5818    0.0637    1.0000    1.0000
    1.6250    2.0743   27.7726   19.9506    0.0546    1.0000    1.0000
    0.7501    0.9375    5.7664   34.5653    0.2047    1.0000    1.0000
    4.1354    4.0106  132.7452    1.7265    0.6430    1.0000    1.0000
    1.0626    1.6411   15.2892   26.7855    0.1260    1.0000    1.0000
    2.4202    2.8788   56.5781   11.1552    0.0062    1.0000    1.0000
    1.5625    1.1253   14.8309   26.8297    0.1277    1.0000    1.0000
    0.6416    1.6096   12.0093   30.4907    0.1551    1.0000    1.0000
    4.0939    4.0005  131.0550    1.8201    0.5570    1.0000    1.0000
    3.2170    3.3125   85.2880    6.0266    0.0620    1.0000    1.0000
    1.7188    1.4532   20.2634   23.3465    0.1244    1.0000    1.0000
    0.9200    0.6914    5.2978   35.2104    0.1817    1.0000    1.0000
    3.1367    3.8135   97.5269    4.8796    0.1764    1.0000    1.0000
    4.4414    4.2207  150.1621    0.9193    0.7914    1.0000    1.0000
    3.7500    3.4142  102.8780    4.0772    0.0585    1.0000    1.0000
    2.7667    1.9697   46.1371   14.1703    0.0599    1.0000    1.0000
    0.9126    0.9087    6.6342   33.4456    0.1907    1.0000    1.0000
    4.6456    4.8193  179.2288    0.1583    0.5000    1.0000    1.0000
    3.5713    3.5002  100.0216    4.2907    0.1722    1.0000    1.0000
