    4.7776    4.5358  173.5961    0.2649    1.0000    1.0000    1.0000
    4.0052    4.9039  160.3628    0.9988    0.8152    1.0000    1.0000
    4.9756    2.6961  128.1030    5.3084    0.4468    1.0000    1.0000
    3.5569    3.1381   89.9974    5.5492    0.2356    1.0000    1.0000
    1.4641    4.4685   88.4437   12.7852    0.1803    1.0000    1.0000
    1.5085    2.5176   34.4564   18.3525    0.2049    1.0000    1.0000
    2.1905    1.6494   30.0749   19.1199    0.2230    1.0000    1.0000
    2.4793    1.1437   29.8194   21.2252    0.2127    1.0000    1.0000
    2.2886    0.9682   24.7001   23.6072    0.2301    1.0000    1.0000
    1.5905    1.2088   15.9630   25.9982    0.2777    1.0000    1.0000
    0.9840    0.9769    7.6903   32.3136    0.3164    1.0000    1.0000
   -0.4312    0.8740    3.7988   46.5220    0.3100    1.0000    1.0000
    4.7866    0.4927   92.6171   20.3617    0.1469    2.0000    1.0000
    0.5087    2.9292   35.3547   24.4606    0.1679    2.0000    1.0000
    0.5401    2.7360   31.1102   25.0167    0.1864    2.0000    1.0000
    1.0569    1.6966   15.9819   26.4604    0.2754    2.0000    1.0000
   -0.9871    0.5859    5.2710   55.3296    0.2856    2.0000    1.0000
    3.9733    0.0368   63.1553   25.6877    0.0847    3.0000    1.0000
   -1.3261    3.2062   48.1522   43.2372    0.0508    3.0000    1.0000
   -1.1323    2.4631   29.3962   44.0415    0.1283    3.0000    1.0000
    1.5792   -1.8154   23.1584   58.1509    0.1478    3.0000    1.0000
    0.6682   -1.6068   12.1131   62.4136    0.2269    3.0000    1.0000
   -1.6998    0.1997   11.7174   67.9310    0.2339    3.0000    1.0000
    4.6854   -0.1962   87.9657   27.0994    0.0995    4.0000    1.0000
   -0.1936    4.4709   80.1074   27.2537    0.0828    4.0000    1.0000
    2.5545   -1.9619   41.4987   54.4483    0.0558    4.0000    1.0000
   -1.7701    2.0618   29.5369   54.4679    0.1118    4.0000    1.0000
   -1.5776   -0.7849   12.4193   76.7299    0.2432    4.0000    1.0000
   -0.5452    4.5376   83.5478   30.9628    0.0728    5.0000    1.0000
    1.5823   -2.3842   32.7532   66.2079    0.0952    5.0000    1.0000
   -1.5292   -1.2520   15.6235   81.7176    0.2319    5.0000    1.0000
    4.9914   -1.2442  105.8488   38.9895    0.1231    6.0000    1.0000
   -2.8205    0.5290   32.9400   81.1495    0.1222    6.0000    1.0000
   -3.6684    4.9792  152.9980   75.1415    0.4999    7.0000    1.0000
    4.6592   -3.8418  145.8689   78.2938    0.4281    7.0000    1.0000
    4.2863   -3.8579  133.0235   78.9725    0.3052    7.0000    1.0000
    4.0192   -3.8576  124.1399   79.4182    0.2336    7.0000    1.0000
   -3.9962    3.8588  123.4384   82.2335    0.2363    7.0000    1.0000
    1.7298   -3.6247   64.5222   85.0793    0.0447    7.0000    1.0000
    1.7453   -3.9943   76.0008   91.4899    0.0711    8.0000    1.0000
    1.1231   -3.9875   68.6466   95.8052    0.0881    8.0000    1.0000
   -4.2625    2.3113   94.0424   93.0223    0.1171    9.0000    1.0000
    1.6193   -4.0673   76.6590   93.6441    0.0814    9.0000    1.0000
   -4.8389    2.3402  115.5673  103.8786    0.2803   10.0000    1.0000
   -4.9464   -0.0240   97.8717  124.1720    0.3401   10.0000    1.0000
   -0.9754   -4.5185   85.4723  126.3073    0.3211   10.0000    1.0000
   -3.5216   -2.8404   81.8784  134.0896    0.3894   10.0000    1.0000
   -2.9313   -4.3829  111.2099  150.9445    0.6920   11.0000    1.0000
   -2.4320   -4.8485  117.6909  152.2280    0.7487   12.0000    1.0000
   -3.4928   -4.2344  120.5202  157.4024    0.8360   13.0000    1.0000
    4.7776    4.5358  173.5961    0.2649    1.0000    1.0000    1.0000
    3.5569    3.1381   89.9974    5.5492    0.2356    1.0000    1.0000
    1.4641    4.4685   88.4437   12.7852    0.1803    1.0000    1.0000
    1.5085    2.5176   34.4564   18.3525    0.2049    1.0000    1.0000
    2.1905    1.6494   30.0749   19.1199    0.2230    1.0000    1.0000
    2.2886    0.9682   24.7001   23.6072    0.2301    1.0000    1.0000
    1.5905    1.2088   15.9630   25.9982    0.2777    1.0000    1.0000
    0.9840    0.9769    7.6903   32.3136    0.3164    1.0000    1.0000
   -0.4312    0.8740    3.7988   46.5220    0.3100    1.0000    1.0000
    4.0881    4.5625  150.1168    1.0229    1.0000    1.0000    1.0000
    4.0691    4.7149  155.1509    0.9478    0.8152    1.0000    1.0000
    3.5140    3.9707  112.4578    3.2678    0.2356    1.0000    1.0000
    1.3397    4.3479   82.7967   13.8228    0.1803    1.0000    1.0000
    1.5753    2.1353   28.1646   19.9349    0.2049    1.0000    1.0000
    2.4962    1.6095   35.2862   17.7645    0.2230    1.0000    1.0000
    0.7501    0.9896    6.1683   34.1444    0.3164    1.0000    1.0000
   -0.4356    0.6250    2.3214   48.6862    0.3100    1.0000    1.0000
    4.0052    4.9039  160.3628    0.9988    0.8152    2.0000    1.0000
    4.9756    2.6961  128.1030    5.3084    0.4468    2.0000    1.0000
    2.4793    1.1437   29.8194   21.2252    0.2127    2.0000    1.0000
    4.7866    0.4927   92.6171   20.3617    0.1469    2.0000    1.0000
    1.0569    1.6966   15.9819   26.4604    0.2754    2.0000    1.0000
    5.0000    2.0781  117.2744    8.5374    0.4468    2.0000    1.0000
    0.5787    2.4960   26.2591   25.8180    0.1864    2.0000    1.0000
    1.1135    1.6651   16.0499   26.2262    0.2754    2.0000    1.0000
   -0.7826    0.6582    4.1831   52.2902    0.2856    2.0000    1.0000
    0.5401    2.7360   31.1102   25.0167    0.1864    3.0000    1.0000
   -0.9871    0.5859    5.2710   55.3296    0.2856    3.0000    1.0000
    2.6905    0.8358   31.7492   22.6742    0.2301    3.0000    1.0000
    1.7075    1.0515   16.0850   26.4312    0.2777    3.0000    1.0000
    4.0036    0.4141   64.8020   22.0236    0.1469    3.0000    1.0000
    0.5087    2.9292   35.3547   24.4606    0.1679    4.0000    1.0000
    0.6682   -1.6068   12.1131   62.4136    0.2269    4.0000    1.0000
   -1.6998    0.1997   11.7174   67.9310    0.2339    4.0000    1.0000
    0.5299    2.0000   17.1232   28.9819    0.1679    4.0000    1.0000
    3.9733    0.0368   63.1553   25.6877    0.0847    5.0000    1.0000
    2.1330    0.0000   18.1980   33.2200    0.2127    5.0000    1.0000
    3.6580    0.0342   53.5276   26.4603    0.0847    5.0000    1.0000
    0.7028   -1.6773   13.2291   63.0520    0.2269    5.0000    1.0000
   -1.7402    0.2197   12.3070   68.2820    0.2339    5.0000    1.0000
   -1.3261    3.2062   48.1522   43.2372    0.0508    6.0000    1.0000
   -1.1323    2.4631   29.3962   44.0415    0.1283    6.0000    1.0000
    1.5792   -1.8154   23.1584   58.1509    0.1478    6.0000    1.0000
    4.6854   -0.1962   87.9657   27.0994    0.0995    6.0000    1.0000
   -0.1936    4.4709   80.1074   27.2537    0.0828    6.0000    1.0000
   -1.5776   -0.7849   12.4193   76.7299    0.2432    6.0000    1.0000
    1.8918   -1.6645   25.3982   54.0770    0.1478    6.0000    1.0000
    4.2972   -1.1367   79.0339   38.1536    0.1231    6.0000    1.0000
   -1.7701    2.0618   29.5369   54.4679    0.1118    7.0000    1.0000
   -0.5452    4.5376   83.5478   30.9628    0.0728    7.0000    1.0000
    4.7776    4.5358  173.5961    0.2649    1.0000    1.0000    1.0000
    3.5569    3.1381   89.9974    5.5492    0.2356    1.0000    1.0000
    1.5085    2.5176   34.4564   18.3525    0.2049    1.0000    1.0000
    2.1905    1.6494   30.0749   19.1199    0.2230    1.0000    1.0000
    1.5905    1.2088   15.9630   25.9982    0.2777    1.0000    1.0000
    0.9840    0.9769    7.6903   32.3136    0.3164    1.0000    1.0000
    4.0881    4.5625  150.1168    1.0229    1.0000    1.0000    1.0000
    4.0691    4.7149  155.1509    0.9478    0.8152    1.0000    1.0000
    3.5140    3.9707  112.4578    3.2678    0.2356    1.0000    1.0000
    1.5753    2.1353   28.1646   19.9349    0.2049    1.0000    1.0000
    2.4962    1.6095   35.2862   17.7645    0.2230    1.0000    1.0000
    0.7501    0.9896    6.1683   34.1444    0.3164    1.0000    1.0000
    3.5019    3.0650   86.6298    5.9886    0.1360    1.0000    1.0000
    1.2692    4.2543   78.8408   14.4751    0.1094    1.0000    1.0000
    1.7271    2.5840   38.6396   16.5489    0.0246    1.0000    1.0000
    2.4392    1.6416   34.5785   17.8364    0.0333    1.0000    1.0000
    1.6055    1.1296   15.4152   26.5021    0.0745    1.0000    1.0000
    0.7681    0.8047    4.9500   35.5096    0.1131    1.0000    1.0000
    5.0000    4.7871  191.6671    0.0453    0.7362    1.0000    1.0000
    3.2813    3.0313   79.8211    6.8300    0.2853    1.0000    1.0000
    1.1953    4.2347   77.4475   15.0613    0.0824    1.0000    1.0000
    1.8366    2.1019   31.1647   18.4059    0.0372    1.0000    1.0000
    2.5022    1.8717   39.0571   16.0252    0.0239    1.0000    1.0000
    0.7962    0.0000    2.5355   42.6723    0.1220    1.0000    1.0000
   -0.3975    0.5861    2.0063   48.6156    0.1640    1.0000    1.0000
    4.7500    5.0000  190.2513    0.0625    0.8055    1.0000    1.0000
    2.0605    1.2629   23.3632   22.6062    0.0313    1.0000    1.0000
    1.2500    1.6918   17.6987   25.0066    0.0742    1.0000    1.0000
    4.0000    2.8772   97.1131    5.5063    0.3079    1.0000    1.0000
    1.3750    1.7196   19.3911   23.9014    0.0740    1.0000    1.0000
    1.7031    1.3418   18.8046   24.2516    0.0738    1.0000    1.0000
    2.2886    0.9682   24.7001   23.6072    0.2301    2.0000    1.0000
    1.3397    4.3479   82.7967   13.8228    0.1803    2.0000    1.0000
   -0.4356    0.6250    2.3214   48.6862    0.3100    2.0000    1.0000
    4.0052    4.9039  160.3628    0.9988    0.8152    2.0000    1.0000
    4.9756    2.6961  128.1030    5.3084    0.4468    2.0000    1.0000
    2.4793    1.1437   29.8194   21.2252    0.2127    2.0000    1.0000
    1.0569    1.6966   15.9819   26.4604    0.2754    2.0000    1.0000
    1.1135    1.6651   16.0499   26.2262    0.2754    2.0000    1.0000
    5.0000    4.0080  164.2565    0.9840    1.0000    2.0000    1.0000
   -0.3959    0.8454    3.4855   46.3764    0.1507    2.0000    1.0000
    4.3753    5.0000  176.5713    0.3903    0.6719    2.0000    1.0000
    4.0156    2.3438   86.4736    8.0247    0.4147    2.0000    1.0000
    2.2532    0.8143   22.9607   25.0647    0.0251    2.0000    1.0000
    1.4641    4.4685   88.4437   12.7852    0.1803    3.0000    1.0000
   -0.4312    0.8740    3.7988   46.5220    0.3100    3.0000    1.0000
    5.0000    2.0781  117.2744    8.5374    0.4468    3.0000    1.0000
    2.6905    0.8358   31.7492   22.6742    0.2301    3.0000    1.0000
    1.7075    1.0515   16.0850   26.4312    0.2777    3.0000    1.0000
    4.0036    0.4141   64.8020   22.0236    0.1469    3.0000    1.0000
    4.7776    4.5358  173.5961    0.2649    1.0000    1.0000    1.0000
    3.5569    3.1381   89.9974    5.5492    0.2356    1.0000    1.0000
    2.1905    1.6494   30.0749   19.1199    0.2230    1.0000    1.0000
    1.5905    1.2088   15.9630   25.9982    0.2777    1.0000    1.0000
    0.9840    0.9769    7.6903   32.3136    0.3164    1.0000    1.0000
    4.0881    4.5625  150.1168    1.0229    1.0000    1.0000    1.0000
    4.0691    4.7149  155.1509    0.9478    0.8152    1.0000    1.0000
    3.5140    3.9707  112.4578    3.2678    0.2356    1.0000    1.0000
    1.5753    2.1353   28.1646   19.9349    0.2049    1.0000    1.0000
    0.7501    0.9896    6.1683   34.1444    0.3164    1.0000    1.0000
    3.5019    3.0650   86.6298    5.9886    0.1360    1.0000    1.0000
    1.7271    2.5840   38.6396   16.5489    0.0246    1.0000    1.0000
    2.4392    1.6416   34.5785   17.8364    0.0333    1.0000    1.0000
    1.6055    1.1296   15.4152   26.5021    0.0745    1.0000    1.0000
    0.7681    0.8047    4.9500   35.5096    0.1131    1.0000    1.0000
    5.0000    4.7871  191.6671    0.0453    0.7362    1.0000    1.0000
    3.2813    3.0313   79.8211    6.8300    0.2853    1.0000    1.0000
    1.8366    2.1019   31.1647   18.4059    0.0372    1.0000    1.0000
    2.5022    1.8717   39.0571   16.0252    0.0239    1.0000    1.0000
    0.7962    0.0000    2.5355   42.6723    0.1220    1.0000    1.0000
    4.7500    5.0000  190.2513    0.0625    0.8055    1.0000    1.0000
    2.0605    1.2629   23.3632   22.6062    0.0313    1.0000    1.0000
    1.2500    1.6918   17.6987   25.0066    0.0742    1.0000    1.0000
    4.0000    2.8772   97.1131    5.5063    0.3079    1.0000    1.0000
    1.3750    1.7196   19.3911   23.9014    0.0740    1.0000    1.0000
    1.7031    1.3418   18.8046   24.2516    0.0738    1.0000    1.0000
    4.4355    4.6870  166.5698    0.4165    0.7446    1.0000    1.0000
    3.6328    3.0000   88.7893    5.8692    0.0544    1.0000    1.0000
    1.6094    1.0435   14.7156   27.1506    0.1303    1.0000    1.0000
    0.7500    0.8750    5.3126   35.0780    0.1873    1.0000    1.0000
    4.5352    4.7534  172.6505    0.2769    0.4690    1.0000    1.0000
    4.0676    4.5781  150.0173    1.0474    0.5224    1.0000    1.0000
    3.8137    3.2520  100.4787    4.4629    0.1604    1.0000    1.0000
    1.8165    2.4063   36.3595   16.8622    0.0693    1.0000    1.0000
    2.4326    1.6328   34.3348   17.9294    0.0435    1.0000    1.0000
    0.9375    0.7512    5.7730   34.5560    0.2004    1.0000    1.0000
    3.1724    3.1177   79.1352    6.8834    0.0436    1.0000    1.0000
    1.6250    2.9396   45.1280   15.6358    0.0337    1.0000    1.0000
    2.3750    1.7989   35.5069   17.1377    0.0458    1.0000    1.0000
    1.7530    1.1094   17.2144   25.6802    0.1338    1.0000    1.0000
    0.8005    0.7834    5.0186   35.4148    0.2112    1.0000    1.0000
    5.0000    4.8125  192.6406    0.0352    1.0000    1.0000    1.0000
    3.9231    3.6958  116.1985    2.8607    0.0258    1.0000    1.0000
    1.7500    2.3754   34.8195   17.4512    0.0576    1.0000    1.0000
    2.9689    1.9375   50.2724   13.5044    0.0326    1.0000    1.0000
    0.7642    0.0000    2.3358   42.9423    0.2450    1.0000    1.0000
    2.0000    1.2666   22.4171   22.9383    0.0908    1.0000    1.0000
    1.0011    1.5586   13.7257   27.8345    0.1202    1.0000    1.0000
    1.0635    0.0064    4.5242   40.4318    0.1107    1.0000    1.0000
    1.6149    1.2267   16.4506   25.6967    0.1139    1.0000    1.0000
    4.7776    4.5358  173.5961    0.2649    1.0000    1.0000    1.0000
    3.5569    3.1381   89.9974    5.5492    0.2356    1.0000    1.0000
    2.1905    1.6494   30.0749   19.1199    0.2230    1.0000    1.0000
    1.5905    1.2088   15.9630   25.9982    0.2777    1.0000    1.0000
    0.9840    0.9769    7.6903   32.3136    0.3164    1.0000    1.0000
    4.0881    4.5625  150.1168    1.0229    1.0000    1.0000    1.0000
    4.0691    4.7149  155.1509    0.9478    0.8152    1.0000    1.0000
    3.5140    3.9707  112.4578    3.2678    0.2356    1.0000    1.0000
    1.5753    2.1353   28.1646   19.9349    0.2049    1.0000    1.0000
    0.7501    0.9896    6.1683   34.1444    0.3164    1.0000    1.0000
    3.5019    3.0650   86.6298    5.9886    0.1360    1.0000    1.0000
    1.7271    2.5840   38.6396   16.5489    0.0246    1.0000    1.0000
    1.6055    1.1296   15.4152   26.5021    0.0745    1.0000    1.0000
    0.7681    0.8047    4.9500   35.5096    0.1131    1.0000    1.0000
    5.0000    4.7871  191.6671    0.0453    0.7362    1.0000    1.0000
    3.2813    3.0313   79.8211    6.8300    0.2853    1.0000    1.0000
    1.8366    2.1019   31.1647   18.4059    0.0372    1.0000    1.0000
    2.5022    1.8717   39.0571   16.0252    0.0239    1.0000    1.0000
    0.7962    0.0000    2.5355   42.6723    0.1220    1.0000    1.0000
    4.7500    5.0000  190.2513    0.0625    0.8055    1.0000    1.0000
    2.0605    1.2629   23.3632   22.6062    0.0313    1.0000    1.0000
    1.2500    1.6918   17.6987   25.0066    0.0742    1.0000    1.0000
    1.3750    1.7196   19.3911   23.9014    0.0740    1.0000    1.0000
    1.7031    1.3418   18.8046   24.2516    0.0738    1.0000    1.0000
    4.4355    4.6870  166.5698    0.4165    0.7446    1.0000    1.0000
    3.6328    3.0000   88.7893    5.8692    0.0544    1.0000    1.0000
    1.6094    1.0435   14.7156   27.1506    0.1303    1.0000    1.0000
    0.7500    0.8750    5.3126   35.0780    0.1873    1.0000    1.0000
    4.5352    4.7534  172.6505    0.2769    0.4690    1.0000    1.0000
    4.0676    4.5781  150.0173    1.0474    0.5224    1.0000    1.0000
    3.8137    3.2520  100.4787    4.4629    0.1604    1.0000    1.0000
    1.8165    2.4063   36.3595   16.8622    0.0693    1.0000    1.0000
    2.4326    1.6328   34.3348   17.9294    0.0435    1.0000    1.0000
    0.9375    0.7512    5.7730   34.5560    0.2004    1.0000    1.0000
    3.1724    3.1177   79.1352    6.8834    0.0436    1.0000    1.0000
    1.6250    2.9396   45.1280   15.6358    0.0337    1.0000    1.0000
    2.3750    1.7989   35.5069   17.1377    0.0458    1.0000    1.0000
    1.7530    1.1094   17.2144   25.6802    0.1338    1.0000    1.0000
    0.8005    0.7834    5.0186   35.4148    0.2112    1.0000    1.0000
    5.0000    4.8125  192.6406    0.0352    1.0000    1.0000    1.0000
    3.9231    3.6958  116.1985    2.8607    0.0258    1.0000    1.0000
    2.9689    1.9375   50.2724   13.5044    0.0326    1.0000    1.0000
    0.7642    0.0000    2.3358   42.9423    0.2450    1.0000    1.0000
    1.0635    0.0064    4.5242   40.4318    0.1107    1.0000    1.0000
    1.6149    1.2267   16.4506   25.6967    0.1139    1.0000    1.0000
    5.0000    4.0312  165.0039    0.9385    0.7350    1.0000    1.0000
    3.3750    3.3751   91.1266    5.2811    0.0546    1.0000    1.0000
    2.0039    1.6406   26.8292   20.2620    0.0562    1.0000    1.0000
    1.9541    1.1880   20.9193   23.8089    0.1222    1.0000    1.0000
    0.9219    0.9063    6.6846   33.3899    0.1775    1.0000    1.0000
    4.7776    4.5358  173.5961    0.2649    1.0000    1.0000    1.0000
    3.5569    3.1381   89.9974    5.5492    0.2356    1.0000    1.0000
    1.5905    1.2088   15.9630   25.9982    0.2777    1.0000    1.0000
    0.9840    0.9769    7.6903   32.3136    0.3164    1.0000    1.0000
    4.0881    4.5625  150.1168    1.0229    1.0000    1.0000    1.0000
    3.5140    3.9707  112.4578    3.2678    0.2356    1.0000    1.0000
    0.7501    0.9896    6.1683   34.1444    0.3164    1.0000    1.0000
    3.5019    3.0650   86.6298    5.9886    0.1360    1.0000    1.0000
    1.7271    2.5840   38.6396   16.5489    0.0246    1.0000    1.0000
    1.6055    1.1296   15.4152   26.5021    0.0745    1.0000    1.0000
    0.7681    0.8047    4.9500   35.5096    0.1131    1.0000    1.0000
    5.0000    4.7871  191.6671    0.0453    0.7362    1.0000    1.0000
    1.8366    2.1019   31.1647   18.4059    0.0372    1.0000    1.0000
    2.5022    1.8717   39.0571   16.0252    0.0239    1.0000    1.0000
    0.7962    0.0000    2.5355   42.6723    0.1220    1.0000    1.0000
    4.7500    5.0000  190.2513    0.0625    0.8055    1.0000    1.0000
    2.0605    1.2629   23.3632   22.6062    0.0313    1.0000    1.0000
    1.2500    1.6918   17.6987   25.0066    0.0742    1.0000    1.0000
    1.3750    1.7196   19.3911   23.9014    0.0740    1.0000    1.0000
    1.7031    1.3418   18.8046   24.2516    0.0738    1.0000    1.0000
    4.4355    4.6870  166.5698    0.4165    0.7446    1.0000    1.0000
    3.6328    3.0000   88.7893    5.8692    0.0544    1.0000    1.0000
    1.6094    1.0435   14.7156   27.1506    0.1303    1.0000    1.0000
    0.7500    0.8750    5.3126   35.0780    0.1873    1.0000    1.0000
    4.5352    4.7534  172.6505    0.2769    0.4690    1.0000    1.0000
    4.0676    4.5781  150.0173    1.0474    0.5224    1.0000    1.0000
    3.8137    3.2520  100.4787    4.4629    0.1604    1.0000    1.0000
    1.8165    2.4063   36.3595   16.8622    0.0693    1.0000    1.0000
    0.9375    0.7512    5.7730   34.5560    0.2004    1.0000    1.0000
    3.1724    3.1177   79.1352    6.8834    0.0436    1.0000    1.0000
    1.6250    2.9396   45.1280   15.6358    0.0337    1.0000    1.0000
    2.3750    1.7989   35.5069   17.1377    0.0458    1.0000    1.0000
    0.8005    0.7834    5.0186   35.4148    0.2112    1.0000    1.0000
    5.0000    4.8125  192.6406    0.0352    1.0000    1.0000    1.0000
    3.9231    3.6958  116.1985    2.8607    0.0258    1.0000    1.0000
    2.9689    1.9375   50.2724   13.5044    0.0326    1.0000    1.0000
    0.7642    0.0000    2.3358   42.9423    0.2450    1.0000    1.0000
    1.0635    0.0064    4.5242   40.4318    0.1107    1.0000    1.0000
    1.6149    1.2267   16.4506   25.6967    0.1139    1.0000    1.0000
    3.3750    3.3751   91.1266    5.2811    0.0546    1.0000    1.0000
    2.0039    1.6406   26.8292   20.2620    0.0562    1.0000    1.0000
    0.9219    0.9063    6.6846   33.3899    0.1775    1.0000    1.0000
    4.2617    4.1780  142.4710    1.2208    0.7310    1.0000    1.0000
    2.0625    1.6257   27.5877   20.0146    0.0664    1.0000    1.0000
    1.6250    1.0625   15.0785   26.8943    0.1383    1.0000    1.0000
    0.8281    0.9402    6.2790   33.8866    0.1977    1.0000    1.0000
    3.1562    3.0782   77.7478    7.0929    0.1524    1.0000    1.0000
    0.8813    0.9551    6.7560   33.3244    0.2113    1.0000    1.0000
    3.2090    3.0081   77.3854    7.1753    0.0388    1.0000    1.0000
    1.5898    1.0000   14.1104   27.6292    0.1419    1.0000    1.0000
