    4.7776    4.5358  173.5961    0.2649    1.0000    1.0000    1.0000
    4.0052    4.9039  160.3628    0.9988    0.8152    1.0000    1.0000
    4.9756    2.6961  128.1030    5.3084    0.4468    1.0000    1.0000
    3.5569    3.1381   89.9974    5.5492    0.2356    1.0000    1.0000
    1.4641    4.4685   88.4437   12.7852    0.1803    1.0000    1.0000
    1.5085    2.5176   34.4564   18.3525    0.2049    1.0000    1.0000
    2.1905    1.6494   30.0749   19.1199    0.2230    1.0000    1.0000
    2.4793    1.1437   29.8194   21.2252    0.2127    1.0000    1.0000
    2.2886    0.9682   24.7001   23.6072    0.2301    1.0000    1.0000
    1.5905    1.2088   15.9630   25.9982    0.2777    1.0000    1.0000
    0.9840    0.9769    7.6903   32.3136    0.3164    1.0000    1.0000
   -0.4312    0.8740    3.7988   46.5220    0.3100    1.0000    1.0000
    4.7866    0.4927   92.6171   20.3617    0.1469    2.0000    1.0000
    0.5087    2.9292   35.3547   24.4606    0.1679    2.0000    1.0000
    0.5401    2.7360   31.1102   25.0167    0.1864    2.0000    1.0000
    1.0569    1.6966   15.9819   26.4604    0.2754    2.0000    1.0000
   -0.9871    0.5859    5.2710   55.3296    0.2856    2.0000    1.0000
    3.9733    0.0368   63.1553   25.6877    0.0847    3.0000    1.0000
   -1.3261    3.2062   48.1522   43.2372    0.0508    3.0000    1.0000
   -1.1323    2.4631   29.3962   44.0415    0.1283    3.0000    1.0000
    1.5792   -1.8154   23.1584   58.1509    0.1478    3.0000    1.0000
    0.6682   -1.6068   12.1131   62.4136    0.2269    3.0000    1.0000
   -1.6998    0.1997   11.7174   67.9310    0.2339    3.0000    1.0000
    4.6854   -0.1962   87.9657   27.0994    0.0995    4.0000    1.0000
   -0.1936    4.4709   80.1074   27.2537    0.0828    4.0000    1.0000
    2.5545   -1.9619   41.4987   54.4483    0.0558    4.0000    1.0000
   -1.7701    2.0618   29.5369   54.4679    0.1118    4.0000    1.0000
   -1.5776   -0.7849   12.4193   76.7299    0.2432    4.0000    1.0000
   -0.5452    4.5376   83.5478   30.9628    0.0728    5.0000    1.0000
    1.5823   -2.3842   32.7532   66.2079    0.0952    5.0000    1.0000
   -1.5292   -1.2520   15.6235   81.7176    0.2319    5.0000    1.0000
    4.9914   -1.2442  105.8488   38.9895    0.1231    6.0000    1.0000
   -2.8205    0.5290   32.9400   81.1495    0.1222    6.0000    1.0000
   -3.6684    4.9792  152.9980   75.1415    0.4999    7.0000    1.0000
    4.6592   -3.8418  145.8689   78.2938    0.4281    7.0000    1.0000
    4.2863   -3.8579  133.0235   78.9725    0.3052    7.0000    1.0000
    4.0192   -3.8576  124.1399   79.4182    0.2336    7.0000    1.0000
   -3.9962    3.8588  123.4384   82.2335    0.2363    7.0000    1.0000
    1.7298   -3.6247   64.5222   85.0793    0.0447    7.0000    1.0000
    1.7453   -3.9943   76.0008   91.4899    0.0711    8.0000    1.0000
    1.1231   -3.9875   68.6466   95.8052    0.0881    8.0000    1.0000
   -4.2625    2.3113   94.0424   93.0223    0.1171    9.0000    1.0000
    1.6193   -4.0673   76.6590   93.6441    0.0814    9.0000    1.0000
   -4.8389    2.3402  115.5673  103.8786    0.2803   10.0000    1.0000
   -4.9464   -0.0240   97.8717  124.1720    0.3401   10.0000    1.0000
   -0.9754   -4.5185   85.4723  126.3073    0.3211   10.0000    1.0000
   -3.5216   -2.8404   81.8784  134.0896    0.3894   10.0000    1.0000
   -2.9313   -4.3829  111.2099  150.9445    0.6920   11.0000    1.0000
   -2.4320   -4.8485  117.6909  152.2280    0.7487   12.0000    1.0000
   -3.4928   -4.2344  120.5202  157.4024    0.8360   13.0000    1.0000
    4.7776    4.5358  173.5961    0.2649    1.0000    1.0000    1.0000
    4.0052    4.9039  160.3628    0.9988    0.8152    1.0000    1.0000
    3.5569    3.1381   89.9974    5.5492    0.2356    1.0000    1.0000
    1.4641    4.4685   88.4437   12.7852    0.1803    1.0000    1.0000
    1.5085    2.5176   34.4564   18.3525    0.2049    1.0000    1.0000
    2.1905    1.6494   30.0749   19.1199    0.2230    1.0000    1.0000
    2.4793    1.1437   29.8194   21.2252    0.2127    1.0000    1.0000
    2.2886    0.9682   24.7001   23.6072    0.2301    1.0000    1.0000
    1.5905    1.2088   15.9630   25.9982    0.2777    1.0000    1.0000
    0.9840    0.9769    7.6903   32.3136    0.3164    1.0000    1.0000
   -0.4312    0.8740    3.7988   46.5220    0.3100    1.0000    1.0000
    4.9473    4.0262  162.7437    0.9510    1.0000    1.0000    1.0000
    5.0000    5.0000  200.0000    0.0000    0.8152    1.0000    1.0000
    3.9946    3.7380  119.7191    2.6034    0.2356    1.0000    1.0000
    1.4570    4.3684   84.8250   12.9515    0.1803    1.0000    1.0000
    1.5812    2.3097   31.3387   18.9262    0.2049    1.0000    1.0000
    2.8171    1.9914   47.6072   13.8167    0.2230    1.0000    1.0000
    2.4668    1.0093   28.4151   22.3428    0.2127    1.0000    1.0000
    1.8203    1.1990   19.0041   24.5583    0.2777    1.0000    1.0000
    0.9180    0.9233    6.7809   33.2821    0.3164    1.0000    1.0000
   -0.3800    0.8016    3.1479   46.5702    0.3100    1.0000    1.0000
    1.3418    1.7494   19.4443   23.9483    0.2754    1.0000    1.0000
    4.9756    2.6961  128.1030    5.3084    0.4468    2.0000    1.0000
    4.7866    0.4927   92.6171   20.3617    0.1469    2.0000    1.0000
    0.5087    2.9292   35.3547   24.4606    0.1679    2.0000    1.0000
    0.5401    2.7360   31.1102   25.0167    0.1864    2.0000    1.0000
    1.0569    1.6966   15.9819   26.4604    0.2754    2.0000    1.0000
    4.8846    2.3310  117.1711    7.1370    0.4468    2.0000    1.0000
    2.2686    0.7776   23.0041   25.2893    0.2301    2.0000    1.0000
   -0.7618    0.6871    4.2097   51.7995    0.2856    2.0000    1.0000
   -0.9871    0.5859    5.2710   55.3296    0.2856    3.0000    1.0000
    4.8777    0.4213   95.8784   20.9796    0.1469    3.0000    1.0000
    0.5211    2.7698   31.7727   25.0342    0.1679    3.0000    1.0000
    0.5084    2.2008   20.4076   28.0102    0.1864    3.0000    1.0000
    3.9733    0.0368   63.1553   25.6877    0.0847    4.0000    1.0000
   -1.1323    2.4631   29.3962   44.0415    0.1283    4.0000    1.0000
    0.6682   -1.6068   12.1131   62.4136    0.2269    4.0000    1.0000
    3.0592    0.0361   37.4403   28.4068    0.0847    4.0000    1.0000
   -1.1488    2.0629   22.3008   46.4339    0.1283    4.0000    1.0000
   -1.6915    0.2442   11.6830   67.3934    0.2339    4.0000    1.0000
   -1.3261    3.2062   48.1522   43.2372    0.0508    5.0000    1.0000
    1.5792   -1.8154   23.1584   58.1509    0.1478    5.0000    1.0000
   -1.6998    0.1997   11.7174   67.9310    0.2339    5.0000    1.0000
    4.6854   -0.1962   87.9657   27.0994    0.0995    5.0000    1.0000
   -0.1936    4.4709   80.1074   27.2537    0.0828    5.0000    1.0000
    2.5545   -1.9619   41.4987   54.4483    0.0558    5.0000    1.0000
   -1.7701    2.0618   29.5369   54.4679    0.1118    5.0000    1.0000
   -1.0170    3.8575   63.6593   37.5096    0.0508    5.0000    1.0000
    1.7133   -1.8483   25.4056   57.7016    0.1478    5.0000    1.0000
    0.6191   -1.6817   12.8456   63.8368    0.2269    5.0000    1.0000
    4.7776    4.5358  173.5961    0.2649    1.0000    1.0000    1.0000
    4.0052    4.9039  160.3628    0.9988    0.8152    1.0000    1.0000
    3.5569    3.1381   89.9974    5.5492    0.2356    1.0000    1.0000
    2.1905    1.6494   30.0749   19.1199    0.2230    1.0000    1.0000
    2.2886    0.9682   24.7001   23.6072    0.2301    1.0000    1.0000
    1.5905    1.2088   15.9630   25.9982    0.2777    1.0000    1.0000
    0.9840    0.9769    7.6903   32.3136    0.3164    1.0000    1.0000
   -0.4312    0.8740    3.7988   46.5220    0.3100    1.0000    1.0000
    4.9473    4.0262  162.7437    0.9510    1.0000    1.0000    1.0000
    5.0000    5.0000  200.0000    0.0000    0.8152    1.0000    1.0000
    3.9946    3.7380  119.7191    2.6034    0.2356    1.0000    1.0000
    1.4570    4.3684   84.8250   12.9515    0.1803    1.0000    1.0000
    1.5812    2.3097   31.3387   18.9262    0.2049    1.0000    1.0000
    2.8171    1.9914   47.6072   13.8167    0.2230    1.0000    1.0000
    1.8203    1.1990   19.0041   24.5583    0.2777    1.0000    1.0000
    0.9180    0.9233    6.7809   33.2821    0.3164    1.0000    1.0000
   -0.3800    0.8016    3.1479   46.5702    0.3100    1.0000    1.0000
    1.3418    1.7494   19.4443   23.9483    0.2754    1.0000    1.0000
    5.0000    4.5389  182.4057    0.2126    0.5523    1.0000    1.0000
    3.6680    3.3086   97.6032    4.6352    0.0898    1.0000    1.0000
    2.0016    1.6719   27.2062   20.0669    0.0253    1.0000    1.0000
    1.5220    1.3487   16.5422   25.4283    0.0563    1.0000    1.0000
    0.9132    0.8130    5.9796   34.2329    0.0847    1.0000    1.0000
   -0.4137    0.9144    4.0289   46.0005    0.1123    1.0000    1.0000
    4.5999    4.6558  171.3406    0.2786    0.5753    1.0000    1.0000
    4.7813    5.0000  191.4414    0.0479    1.0000    1.0000    1.0000
    3.2676    3.6250   95.2708    4.8919    0.2346    1.0000    1.0000
    1.8370    2.2656   34.0306   17.4813    0.0232    1.0000    1.0000
    2.3906    1.9877   38.6637   15.8830    0.0118    1.0000    1.0000
    2.5000    1.4942   33.9302   18.5408    0.0260    1.0000    1.0000
    0.7535    0.9912    6.2011   34.1030    0.0885    1.0000    1.0000
   -0.0000    0.1318    0.0695   48.6990    0.1152    1.0000    1.0000
    1.3461    1.6001   17.4891   24.9104    0.0468    1.0000    1.0000
    4.0625    2.4231   89.5024    7.5192    0.2814    1.0000    1.0000
    1.0987    1.5880   14.9156   26.8619    0.0561    1.0000    1.0000
    4.0005    2.3468   86.0471    8.0382    0.2098    1.0000    1.0000
   -0.0000    0.2452    0.2404   47.6083    0.1317    1.0000    1.0000
    1.4641    4.4685   88.4437   12.7852    0.1803    2.0000    1.0000
    1.5085    2.5176   34.4564   18.3525    0.2049    2.0000    1.0000
    2.4793    1.1437   29.8194   21.2252    0.2127    2.0000    1.0000
    2.4668    1.0093   28.4151   22.3428    0.2127    2.0000    1.0000
    4.9756    2.6961  128.1030    5.3084    0.4468    2.0000    1.0000
    1.0569    1.6966   15.9819   26.4604    0.2754    2.0000    1.0000
    4.8846    2.3310  117.1711    7.1370    0.4468    2.0000    1.0000
   -0.7618    0.6871    4.2097   51.7995    0.2856    2.0000    1.0000
    4.4064    5.0000  177.6655    0.3524    0.6876    2.0000    1.0000
    1.1722    4.4380   84.2787   14.9678    0.0717    2.0000    1.0000
    1.5156    2.7149   38.6716   17.3625    0.0186    2.0000    1.0000
    2.4944    1.1006   29.7330   21.4835    0.0240    2.0000    1.0000
    2.4377    0.8280   26.5125   23.9706    0.0334    2.0000    1.0000
    4.7776    4.5358  173.5961    0.2649    1.0000    1.0000    1.0000
    3.5569    3.1381   89.9974    5.5492    0.2356    1.0000    1.0000
    2.1905    1.6494   30.0749   19.1199    0.2230    1.0000    1.0000
    2.2886    0.9682   24.7001   23.6072    0.2301    1.0000    1.0000
    1.5905    1.2088   15.9630   25.9982    0.2777    1.0000    1.0000
    0.9840    0.9769    7.6903   32.3136    0.3164    1.0000    1.0000
    5.0000    5.0000  200.0000    0.0000    0.8152    1.0000    1.0000
    3.9946    3.7380  119.7191    2.6034    0.2356    1.0000    1.0000
    1.4570    4.3684   84.8250   12.9515    0.1803    1.0000    1.0000
    2.8171    1.9914   47.6072   13.8167    0.2230    1.0000    1.0000
    1.8203    1.1990   19.0041   24.5583    0.2777    1.0000    1.0000
    0.9180    0.9233    6.7809   33.2821    0.3164    1.0000    1.0000
   -0.3800    0.8016    3.1479   46.5702    0.3100    1.0000    1.0000
    1.3418    1.7494   19.4443   23.9483    0.2754    1.0000    1.0000
    5.0000    4.5389  182.4057    0.2126    0.5523    1.0000    1.0000
    3.6680    3.3086   97.6032    4.6352    0.0898    1.0000    1.0000
    2.0016    1.6719   27.2062   20.0669    0.0253    1.0000    1.0000
    1.5220    1.3487   16.5422   25.4283    0.0563    1.0000    1.0000
    0.9132    0.8130    5.9796   34.2329    0.0847    1.0000    1.0000
   -0.4137    0.9144    4.0289   46.0005    0.1123    1.0000    1.0000
    4.5999    4.6558  171.3406    0.2786    0.5753    1.0000    1.0000
    4.7813    5.0000  191.4414    0.0479    1.0000    1.0000    1.0000
    2.3906    1.9877   38.6637   15.8830    0.0118    1.0000    1.0000
    0.7535    0.9912    6.2011   34.1030    0.0885    1.0000    1.0000
   -0.0000    0.1318    0.0695   48.6990    0.1152    1.0000    1.0000
    1.3461    1.6001   17.4891   24.9104    0.0468    1.0000    1.0000
    1.0987    1.5880   14.9156   26.8619    0.0561    1.0000    1.0000
   -0.0000    0.2452    0.2404   47.6083    0.1317    1.0000    1.0000
    4.0918    4.6562  153.6939    0.9430    0.5145    1.0000    1.0000
    3.5020    3.4258   96.0003    4.7221    0.0493    1.0000    1.0000
    2.0405    1.8630   30.5386   18.5990    0.0539    1.0000    1.0000
    1.2578    1.2891   12.9751   27.7750    0.1137    1.0000    1.0000
    0.7817    0.9062    5.7296   34.5525    0.1635    1.0000    1.0000
    4.0156    4.5859  148.6243    1.1404    0.5391    1.0000    1.0000
    4.7285    4.9063  185.7206    0.0825    1.0000    1.0000    1.0000
    3.6624    3.8438  112.7490    3.1262    0.1847    1.0000    1.0000
    2.2158    1.7109   31.3487   18.5696    0.0128    1.0000    1.0000
    1.7930    1.2188   18.8004   24.5829    0.0987    1.0000    1.0000
    0.9307    0.9122    6.7932   33.2693    0.1700    1.0000    1.0000
   -0.3972    0.8438    3.4788   46.4044    0.2201    1.0000    1.0000
    1.2656    1.5033   15.4468   26.1725    0.0964    1.0000    1.0000
    5.0000    5.0000  200.0000    0.0000    0.7649    1.0000    1.0000
    3.5000    3.3867   94.8795    4.8527    0.0754    1.0000    1.0000
    2.1250    1.9844   33.8135   17.3596    0.0639    1.0000    1.0000
    1.6252    1.3520   17.8764   24.6974    0.1106    1.0000    1.0000
    0.9180    0.8443    6.2219   33.9329    0.1761    1.0000    1.0000
   -0.4265    0.7568    3.0189   47.4515    0.2132    1.0000    1.0000
    4.5000    4.6992  169.3308    0.3405    0.6335    1.0000    1.0000
    4.7812    5.0000  191.4414    0.0479    0.8817    1.0000    1.0000
    3.2695    3.2627   85.3401    6.0127    0.0667    1.0000    1.0000
    4.7776    4.5358  173.5961    0.2649    1.0000    1.0000    1.0000
    3.5569    3.1381   89.9974    5.5492    0.2356    1.0000    1.0000
    2.1905    1.6494   30.0749   19.1199    0.2230    1.0000    1.0000
    2.2886    0.9682   24.7001   23.6072    0.2301    1.0000    1.0000
    1.5905    1.2088   15.9630   25.9982    0.2777    1.0000    1.0000
    0.9840    0.9769    7.6903   32.3136    0.3164    1.0000    1.0000
    5.0000    5.0000  200.0000    0.0000    0.8152    1.0000    1.0000
    3.9946    3.7380  119.7191    2.6034    0.2356    1.0000    1.0000
    2.8171    1.9914   47.6072   13.8167    0.2230    1.0000    1.0000
    0.9180    0.9233    6.7809   33.2821    0.3164    1.0000    1.0000
   -0.3800    0.8016    3.1479   46.5702    0.3100    1.0000    1.0000
    1.3418    1.7494   19.4443   23.9483    0.2754    1.0000    1.0000
    5.0000    4.5389  182.4057    0.2126    0.5523    1.0000    1.0000
    2.0016    1.6719   27.2062   20.0669    0.0253    1.0000    1.0000
    1.5220    1.3487   16.5422   25.4283    0.0563    1.0000    1.0000
    0.9132    0.8130    5.9796   34.2329    0.0847    1.0000    1.0000
    4.5999    4.6558  171.3406    0.2786    0.5753    1.0000    1.0000
    4.7813    5.0000  191.4414    0.0479    1.0000    1.0000    1.0000
    2.3906    1.9877   38.6637   15.8830    0.0118    1.0000    1.0000
    0.7535    0.9912    6.2011   34.1030    0.0885    1.0000    1.0000
   -0.0000    0.1318    0.0695   48.6990    0.1152    1.0000    1.0000
    1.3461    1.6001   17.4891   24.9104    0.0468    1.0000    1.0000
   -0.0000    0.2452    0.2404   47.6083    0.1317    1.0000    1.0000
    4.0918    4.6562  153.6939    0.9430    0.5145    1.0000    1.0000
    3.5020    3.4258   96.0003    4.7221    0.0493    1.0000    1.0000
    2.0405    1.8630   30.5386   18.5990    0.0539    1.0000    1.0000
    1.2578    1.2891   12.9751   27.7750    0.1137    1.0000    1.0000
    0.7817    0.9062    5.7296   34.5525    0.1635    1.0000    1.0000
    4.0156    4.5859  148.6243    1.1404    0.5391    1.0000    1.0000
    4.7285    4.9063  185.7206    0.0825    1.0000    1.0000    1.0000
    3.6624    3.8438  112.7490    3.1262    0.1847    1.0000    1.0000
    2.2158    1.7109   31.3487   18.5696    0.0128    1.0000    1.0000
    0.9307    0.9122    6.7932   33.2693    0.1700    1.0000    1.0000
   -0.3972    0.8438    3.4788   46.4044    0.2201    1.0000    1.0000
    1.2656    1.5033   15.4468   26.1725    0.0964    1.0000    1.0000
    5.0000    5.0000  200.0000    0.0000    0.7649    1.0000    1.0000
    3.5000    3.3867   94.8795    4.8527    0.0754    1.0000    1.0000
    2.1250    1.9844   33.8135   17.3596    0.0639    1.0000    1.0000
    1.6252    1.3520   17.8764   24.6974    0.1106    1.0000    1.0000
    0.9180    0.8443    6.2219   33.9329    0.1761    1.0000    1.0000
   -0.4265    0.7568    3.0189   47.4515    0.2132    1.0000    1.0000
    4.5000    4.6992  169.3308    0.3405    0.6335    1.0000    1.0000
    4.7812    5.0000  191.4414    0.0479    0.8817    1.0000    1.0000
    3.2695    3.2627   85.3401    6.0127    0.0667    1.0000    1.0000
    4.0674    4.7520  156.4986    0.9313    0.6541    1.0000    1.0000
    2.3750    1.5938   32.7230   18.4930    0.0647    1.0000    1.0000
    1.5000    1.1602   14.3839   26.9944    0.1303    1.0000    1.0000
    0.8750    0.7891    5.5530   34.7476    0.1839    1.0000    1.0000
    4.2500    4.8516  166.4006    0.5845    1.0000    1.0000    1.0000
    3.4063    3.5195   95.9586    4.7318    0.1767    1.0000    1.0000
    4.7776    4.5358  173.5961    0.2649    1.0000    1.0000    1.0000
    3.5569    3.1381   89.9974    5.5492    0.2356    1.0000    1.0000
    1.5905    1.2088   15.9630   25.9982    0.2777    1.0000    1.0000
    0.9840    0.9769    7.6903   32.3136    0.3164    1.0000    1.0000
    5.0000    5.0000  200.0000    0.0000    0.8152    1.0000    1.0000
    3.9946    3.7380  119.7191    2.6034    0.2356    1.0000    1.0000
    2.8171    1.9914   47.6072   13.8167    0.2230    1.0000    1.0000
    0.9180    0.9233    6.7809   33.2821    0.3164    1.0000    1.0000
   -0.3800    0.8016    3.1479   46.5702    0.3100    1.0000    1.0000
    1.3418    1.7494   19.4443   23.9483    0.2754    1.0000    1.0000
    5.0000    4.5389  182.4057    0.2126    0.5523    1.0000    1.0000
    2.0016    1.6719   27.2062   20.0669    0.0253    1.0000    1.0000
    1.5220    1.3487   16.5422   25.4283    0.0563    1.0000    1.0000
    0.9132    0.8130    5.9796   34.2329    0.0847    1.0000    1.0000
    4.5999    4.6558  171.3406    0.2786    0.5753    1.0000    1.0000
    4.7813    5.0000  191.4414    0.0479    1.0000    1.0000    1.0000
    2.3906    1.9877   38.6637   15.8830    0.0118    1.0000    1.0000
    0.7535    0.9912    6.2011   34.1030    0.0885    1.0000    1.0000
   -0.0000    0.1318    0.0695   48.6990    0.1152    1.0000    1.0000
    1.3461    1.6001   17.4891   24.9104    0.0468    1.0000    1.0000
   -0.0000    0.2452    0.2404   47.6083    0.1317    1.0000    1.0000
    4.0918    4.6562  153.6939    0.9430    0.5145    1.0000    1.0000
    3.5020    3.4258   96.0003    4.7221    0.0493    1.0000    1.0000
    2.0405    1.8630   30.5386   18.5990    0.0539    1.0000    1.0000
    1.2578    1.2891   12.9751   27.7750    0.1137    1.0000    1.0000
    4.7285    4.9063  185.7206    0.0825    1.0000    1.0000    1.0000
    3.6624    3.8438  112.7490    3.1262    0.1847    1.0000    1.0000
    2.2158    1.7109   31.3487   18.5696    0.0128    1.0000    1.0000
    0.9307    0.9122    6.7932   33.2693    0.1700    1.0000    1.0000
   -0.3972    0.8438    3.4788   46.4044    0.2201    1.0000    1.0000
    1.2656    1.5033   15.4468   26.1725    0.0964    1.0000    1.0000
    5.0000    5.0000  200.0000    0.0000    0.7649    1.0000    1.0000
    3.5000    3.3867   94.8795    4.8527    0.0754    1.0000    1.0000
    2.1250    1.9844   33.8135   17.3596    0.0639    1.0000    1.0000
    1.6252    1.3520   17.8764   24.6974    0.1106    1.0000    1.0000
    0.9180    0.8443    6.2219   33.9329    0.1761    1.0000    1.0000
   -0.4265    0.7568    3.0189   47.4515    0.2132    1.0000    1.0000
    4.5000    4.6992  169.3308    0.3405    0.6335    1.0000    1.0000
    4.7812    5.0000  191.4414    0.0479    0.8817    1.0000    1.0000
    3.2695    3.2627   85.3401    6.0127    0.0667    1.0000    1.0000
    4.0674    4.7520  156.4986    0.9313    0.6541    1.0000    1.0000
    2.3750    1.5938   32.7230   18.4930    0.0647    1.0000    1.0000
    1.5000    1.1602   14.3839   26.9944    0.1303    1.0000    1.0000
    0.8750    0.7891    5.5530   34.7476    0.1839    1.0000    1.0000
    4.2500    4.8516  166.4006    0.5845    1.0000    1.0000    1.0000
    3.4063    3.5195   95.9586    4.7318    0.1767    1.0000    1.0000
    4.5625    4.0000  147.2656    1.1914    0.6428    1.0000    1.0000
    3.2656    3.3750   88.2197    5.6487    0.0336    1.0000    1.0000
    1.5000    1.2109   14.8655   26.6070    0.1681    1.0000    1.0000
    0.8555    0.9219    6.3267   33.8082    0.2309    1.0000    1.0000
