    4.7776    4.5358  173.5961    0.2649    1.0000    1.0000    1.0000
    4.0052    4.9039  160.3628    0.9988    0.8152    1.0000    1.0000
    4.9756    2.6961  128.1030    5.3084    0.4468    1.0000    1.0000
    3.5569    3.1381   89.9974    5.5492    0.2356    1.0000    1.0000
    1.4641    4.4685   88.4437   12.7852    0.1803    1.0000    1.0000
    1.5085    2.5176   34.4564   18.3525    0.2049    1.0000    1.0000
    2.1905    1.6494   30.0749   19.1199    0.2230    1.0000    1.0000
    2.4793    1.1437   29.8194   21.2252    0.2127    1.0000    1.0000
    2.2886    0.9682   24.7001   23.6072    0.2301    1.0000    1.0000
    1.5905    1.2088   15.9630   25.9982    0.2777    1.0000    1.0000
    0.9840    0.9769    7.6903   32.3136    0.3164    1.0000    1.0000
   -0.4312    0.8740    3.7988   46.5220    0.3100    1.0000    1.0000
    4.7866    0.4927   92.6171   20.3617    0.1469    2.0000    1.0000
    0.5087    2.9292   35.3547   24.4606    0.1679    2.0000    1.0000
    0.5401    2.7360   31.1102   25.0167    0.1864    2.0000    1.0000
    1.0569    1.6966   15.9819   26.4604    0.2754    2.0000    1.0000
   -0.9871    0.5859    5.2710   55.3296    0.2856    2.0000    1.0000
    3.9733    0.0368   63.1553   25.6877    0.0847    3.0000    1.0000
   -1.3261    3.2062   48.1522   43.2372    0.0508    3.0000    1.0000
   -1.1323    2.4631   29.3962   44.0415    0.1283    3.0000    1.0000
    1.5792   -1.8154   23.1584   58.1509    0.1478    3.0000    1.0000
    0.6682   -1.6068   12.1131   62.4136    0.2269    3.0000    1.0000
   -1.6998    0.1997   11.7174   67.9310    0.2339    3.0000    1.0000
    4.6854   -0.1962   87.9657   27.0994    0.0995    4.0000    1.0000
   -0.1936    4.4709   80.1074   27.2537    0.0828    4.0000    1.0000
    2.5545   -1.9619   41.4987   54.4483    0.0558    4.0000    1.0000
   -1.7701    2.0618   29.5369   54.4679    0.1118    4.0000    1.0000
   -1.5776   -0.7849   12.4193   76.7299    0.2432    4.0000    1.0000
   -0.5452    4.5376   83.5478   30.9628    0.0728    5.0000    1.0000
    1.5823   -2.3842   32.7532   66.2079    0.0952    5.0000    1.0000
   -1.5292   -1.2520   15.6235   81.7176    0.2319    5.0000    1.0000
    4.9914   -1.2442  105.8488   38.9895    0.1231    6.0000    1.0000
   -2.8205    0.5290   32.9400   81.1495    0.1222    6.0000    1.0000
   -3.6684    4.9792  152.9980   75.1415    0.4999    7.0000    1.0000
    4.6592   -3.8418  145.8689   78.2938    0.4281    7.0000    1.0000
    4.2863   -3.8579  133.0235   78.9725    0.3052    7.0000    1.0000
    4.0192   -3.8576  124.1399   79.4182    0.2336    7.0000    1.0000
   -3.9962    3.8588  123.4384   82.2335    0.2363    7.0000    1.0000
    1.7298   -3.6247   64.5222   85.0793    0.0447    7.0000    1.0000
    1.7453   -3.9943   76.0008   91.4899    0.0711    8.0000    1.0000
    1.1231   -3.9875   68.6466   95.8052    0.0881    8.0000    1.0000
   -4.2625    2.3113   94.0424   93.0223    0.1171    9.0000    1.0000
    1.6193   -4.0673   76.6590   93.6441    0.0814    9.0000    1.0000
   -4.8389    2.3402  115.5673  103.8786    0.2803   10.0000    1.0000
   -4.9464   -0.0240   97.8717  124.1720    0.3401   10.0000    1.0000
   -0.9754   -4.5185   85.4723  126.3073    0.3211   10.0000    1.0000
   -3.5216   -2.8404   81.8784  134.0896    0.3894   10.0000    1.0000
   -2.9313   -4.3829  111.2099  150.9445    0.6920   11.0000    1.0000
   -2.4320   -4.8485  117.6909  152.2280    0.7487   12.0000    1.0000
   -3.4928   -4.2344  120.5202  157.4024    0.8360   13.0000    1.0000
    4.7776    4.5358  173.5961    0.2649    1.0000    1.0000    1.0000
    4.0052    4.9039  160.3628    0.9988    0.8152    1.0000    1.0000
    4.9756    2.6961  128.1030    5.3084    0.4468    1.0000    1.0000
    3.5569    3.1381   89.9974    5.5492    0.2356    1.0000    1.0000
    1.4641    4.4685   88.4437   12.7852    0.1803    1.0000    1.0000
    1.5085    2.5176   34.4564   18.3525    0.2049    1.0000    1.0000
    2.1905    1.6494   30.0749   19.1199    0.2230    1.0000    1.0000
    2.4793    1.1437   29.8194   21.2252    0.2127    1.0000    1.0000
    1.5905    1.2088   15.9630   25.9982    0.2777    1.0000    1.0000
    0.9840    0.9769    7.6903   32.3136    0.3164    1.0000    1.0000
    1.0000    4.0000   68.0000   17.0000    0.1803    1.0000    1.0000
    1.2500    2.0000   22.2500   23.0625    0.2049    1.0000    1.0000
    2.0000    1.0000   20.0000   25.0000    0.2230    1.0000    1.0000
    2.5000    1.0000   29.0000   22.2500    0.2127    1.0000    1.0000
    1.0000    1.2500   10.2500   30.0625    0.2777    1.0000    1.0000
    0.6250    0.6250    3.1250   38.2812    0.3164    1.0000    1.0000
   -0.3125    0.6250    1.9531   47.3633    0.3100    1.0000    1.0000
    1.2500    1.0000   10.2500   30.0625    0.2754    1.0000    1.0000
    2.2886    0.9682   24.7001   23.6072    0.2301    2.0000    1.0000
   -0.4312    0.8740    3.7988   46.5220    0.3100    2.0000    1.0000
    4.7866    0.4927   92.6171   20.3617    0.1469    2.0000    1.0000
    1.0569    1.6966   15.9819   26.4604    0.2754    2.0000    1.0000
    4.0000    5.0000  164.0000    1.0000    1.0000    2.0000    1.0000
    4.0000    5.0000  164.0000    1.0000    0.8152    2.0000    1.0000
    5.0000    2.0000  116.0000    9.0000    0.4468    2.0000    1.0000
    2.0000    5.0000  116.0002    8.9999    0.2356    2.0000    1.0000
   -0.6250    0.6250    3.1250   50.7812    0.2856    2.0000    1.0000
    0.5087    2.9292   35.3547   24.4606    0.1679    3.0000    1.0000
    0.5401    2.7360   31.1102   25.0167    0.1864    3.0000    1.0000
   -0.9871    0.5859    5.2710   55.3296    0.2856    3.0000    1.0000
    2.5000    0.6250   26.5625   25.3906    0.2301    3.0000    1.0000
    5.0000    0.2500  100.2500   22.5625    0.1469    3.0000    1.0000
    0.6250    2.0000   17.5625   28.1406    0.1679    3.0000    1.0000
    0.6250    2.5000   26.5625   25.3906    0.1864    3.0000    1.0000
    1.2500   -1.0312   10.5039   50.4385    0.1478    3.0000    1.0000
   -1.0020    0.1562    4.1133   59.4854    0.2339    3.0000    1.0000
    3.9733    0.0368   63.1553   25.6877    0.0847    4.0000    1.0000
    2.5000    0.0391   25.0061   30.8609    0.0847    4.0000    1.0000
    0.5000   -1.2500    7.2500   59.3125    0.2269    4.0000    1.0000
    2.0005   -1.0000   20.0078   44.9971    0.0558    4.0000    1.0000
   -1.0000    2.0312   20.5039   44.8135    0.1118    4.0000    1.0000
   -1.0000   -0.6250    5.5625   67.6406    0.2432    4.0000    1.0000
   -1.3261    3.2062   48.1522   43.2372    0.0508    5.0000    1.0000
   -1.1323    2.4631   29.3962   44.0415    0.1283    5.0000    1.0000
    1.5792   -1.8154   23.1584   58.1509    0.1478    5.0000    1.0000
    0.6682   -1.6068   12.1131   62.4136    0.2269    5.0000    1.0000
   -1.6998    0.1997   11.7174   67.9310    0.2339    5.0000    1.0000
    4.6854   -0.1962   87.9657   27.0994    0.0995    5.0000    1.0000
   -0.1936    4.4709   80.1074   27.2537    0.0828    5.0000    1.0000
    5.0000   -0.1251  100.0626   26.2669    0.0995    5.0000    1.0000
    4.7776    4.5358  173.5961    0.2649    1.0000    1.0000    1.0000
    4.0052    4.9039  160.3628    0.9988    0.8152    1.0000    1.0000
    3.5569    3.1381   89.9974    5.5492    0.2356    1.0000    1.0000
    1.4641    4.4685   88.4437   12.7852    0.1803    1.0000    1.0000
    1.5085    2.5176   34.4564   18.3525    0.2049    1.0000    1.0000
    2.1905    1.6494   30.0749   19.1199    0.2230    1.0000    1.0000
    2.4793    1.1437   29.8194   21.2252    0.2127    1.0000    1.0000
    1.5905    1.2088   15.9630   25.9982    0.2777    1.0000    1.0000
    0.9840    0.9769    7.6903   32.3136    0.3164    1.0000    1.0000
    1.2500    2.0000   22.2500   23.0625    0.2049    1.0000    1.0000
    2.0000    1.0000   20.0000   25.0000    0.2230    1.0000    1.0000
    2.5000    1.0000   29.0000   22.2500    0.2127    1.0000    1.0000
    1.0000    1.2500   10.2500   30.0625    0.2777    1.0000    1.0000
    0.6250    0.6250    3.1250   38.2812    0.3164    1.0000    1.0000
   -0.3125    0.6250    1.9531   47.3633    0.3100    1.0000    1.0000
    1.2500    1.0000   10.2500   30.0625    0.2754    1.0000    1.0000
    4.0000    4.0000  128.0000    2.0000    1.0000    1.0000    1.0000
    4.0000    4.0000  128.0000    2.0000    0.8081    1.0000    1.0000
    4.0000    2.5000   89.0002    7.2500    0.4211    1.0000    1.0000
    2.0000    2.5312   41.6289   15.0947    0.1413    1.0000    1.0000
    1.2500    2.0156   22.5010   22.9690    0.0200    1.0000    1.0000
    2.5000    1.0000   29.0000   22.2500    0.0274    1.0000    1.0000
    2.0000    1.0000   20.0001   25.0000    0.0254    1.0000    1.0000
    1.0000    1.2500   10.2500   30.0625    0.0641    1.0000    1.0000
    0.5000    0.6250    2.5625   39.3906    0.0997    1.0000    1.0000
    2.0005    1.2500   22.2578   23.0596    0.0499    1.0000    1.0000
    2.0000    1.2500   22.2500   23.0625    0.0262    1.0000    1.0000
    1.0000    1.0156    8.1260   31.8752    0.0873    1.0000    1.0000
    0.5000    0.6250    2.5625   39.3906    0.1269    1.0000    1.0000
   -0.3125    0.6562    2.1133   47.0908    0.1473    1.0000    1.0000
    1.2500    1.0005   10.2539   30.0586    0.0873    1.0000    1.0000
   -0.3125    0.5001    1.3911   48.4715    0.1355    1.0000    1.0000
    1.0000    1.0000    8.0000   32.0000    0.0638    1.0000    1.0000
    4.0000    4.0000  128.0000    2.0000    0.8580    1.0000    1.0000
    4.0000    2.5000   89.0000    7.2500    0.3032    1.0000    1.0000
    4.9756    2.6961  128.1030    5.3084    0.4468    2.0000    1.0000
    1.0000    4.0000   68.0000   17.0000    0.1803    2.0000    1.0000
    2.2886    0.9682   24.7001   23.6072    0.2301    2.0000    1.0000
   -0.4312    0.8740    3.7988   46.5220    0.3100    2.0000    1.0000
    1.0569    1.6966   15.9819   26.4604    0.2754    2.0000    1.0000
    4.0000    5.0000  164.0000    1.0000    1.0000    2.0000    1.0000
    4.0000    5.0000  164.0000    1.0000    0.8152    2.0000    1.0000
    5.0000    2.0000  116.0000    9.0000    0.4468    2.0000    1.0000
    2.0000    5.0000  116.0002    8.9999    0.2356    2.0000    1.0000
    1.2500    5.0000  106.2500   14.0625    0.1153    2.0000    1.0000
    1.2500    5.0000  106.2500   14.0625    0.0338    2.0000    1.0000
    1.2500    2.5000   31.2500   20.3125    0.0439    2.0000    1.0000
    5.0000    4.0000  164.0000    1.0000    0.8580    2.0000    1.0000
    2.5000    5.0000  125.0000    6.2500    0.3032    2.0000    1.0000
   -0.5002    0.5000    2.0010   50.5027    0.1497    2.0000    1.0000
    4.7776    4.5358  173.5961    0.2649    1.0000    1.0000    1.0000
    4.0052    4.9039  160.3628    0.9988    0.8152    1.0000    1.0000
    3.5569    3.1381   89.9974    5.5492    0.2356    1.0000    1.0000
    1.5085    2.5176   34.4564   18.3525    0.2049    1.0000    1.0000
    2.1905    1.6494   30.0749   19.1199    0.2230    1.0000    1.0000
    2.4793    1.1437   29.8194   21.2252    0.2127    1.0000    1.0000
    1.5905    1.2088   15.9630   25.9982    0.2777    1.0000    1.0000
    0.9840    0.9769    7.6903   32.3136    0.3164    1.0000    1.0000
    1.2500    2.0000   22.2500   23.0625    0.2049    1.0000    1.0000
    2.0000    1.0000   20.0000   25.0000    0.2230    1.0000    1.0000
    2.5000    1.0000   29.0000   22.2500    0.2127    1.0000    1.0000
    1.0000    1.2500   10.2500   30.0625    0.2777    1.0000    1.0000
    0.6250    0.6250    3.1250   38.2812    0.3164    1.0000    1.0000
    1.2500    1.0000   10.2500   30.0625    0.2754    1.0000    1.0000
    4.0000    4.0000  128.0000    2.0000    1.0000    1.0000    1.0000
    4.0000    4.0000  128.0000    2.0000    0.8081    1.0000    1.0000
    4.0000    2.5000   89.0002    7.2500    0.4211    1.0000    1.0000
    2.0000    2.5312   41.6289   15.0947    0.1413    1.0000    1.0000
    1.2500    2.0156   22.5010   22.9690    0.0200    1.0000    1.0000
    2.5000    1.0000   29.0000   22.2500    0.0274    1.0000    1.0000
    2.0000    1.0000   20.0001   25.0000    0.0254    1.0000    1.0000
    1.0000    1.2500   10.2500   30.0625    0.0641    1.0000    1.0000
    0.5000    0.6250    2.5625   39.3906    0.0997    1.0000    1.0000
    2.0005    1.2500   22.2578   23.0596    0.0499    1.0000    1.0000
    2.0000    1.2500   22.2500   23.0625    0.0262    1.0000    1.0000
    1.0000    1.0156    8.1260   31.8752    0.0873    1.0000    1.0000
    0.5000    0.6250    2.5625   39.3906    0.1269    1.0000    1.0000
    1.2500    1.0005   10.2539   30.0586    0.0873    1.0000    1.0000
    1.0000    1.0000    8.0000   32.0000    0.0638    1.0000    1.0000
    4.0000    4.0000  128.0000    2.0000    0.8580    1.0000    1.0000
    4.0000    2.5000   89.0000    7.2500    0.3032    1.0000    1.0000
    4.0000    4.0000  128.0000    2.0000    1.0000    1.0000    1.0000
    4.0000    4.0000  128.0000    2.0000    0.7910    1.0000    1.0000
    2.5000    2.0000   41.0000   15.2500    0.0960    1.0000    1.0000
    2.5000    1.0000   29.0000   22.2500    0.0498    1.0000    1.0000
    2.0000    1.0000   20.0000   25.0000    0.0506    1.0000    1.0000
    1.0000    1.0000    8.0000   32.0000    0.1184    1.0000    1.0000
    0.5000    0.6250    2.5625   39.3906    0.1781    1.0000    1.0000
    2.0000    1.2500   22.2500   23.0625    0.0957    1.0000    1.0000
    2.0000    1.0000   20.0000   25.0000    0.0538    1.0000    1.0000
    1.2500    1.2500   12.5000   28.1250    0.1576    1.0000    1.0000
    0.6250    0.5000    2.5625   39.3906    0.2233    1.0000    1.0000
    1.2500    1.0000   10.2500   30.0625    0.1576    1.0000    1.0000
    4.0000    4.0000  128.0000    2.0000    0.3868    1.0000    1.0000
    4.0000    2.5000   89.0000    7.2500    0.0878    1.0000    1.0000
    2.0000    2.5000   41.0000   15.2500    0.0182    1.0000    1.0000
    1.0000    2.5000   29.0000   22.2500    0.0823    1.0000    1.0000
    2.5000    1.0000   29.0000   22.2500    0.0538    1.0000    1.0000
    2.0000    1.2500   22.2500   23.0625    0.0957    1.0000    1.0000
    1.2500    1.0000   10.2500   30.0625    0.1576    1.0000    1.0000
    4.7776    4.5358  173.5961    0.2649    1.0000    1.0000    1.0000
    4.0052    4.9039  160.3628    0.9988    0.8152    1.0000    1.0000
    3.5569    3.1381   89.9974    5.5492    0.2356    1.0000    1.0000
    1.5085    2.5176   34.4564   18.3525    0.2049    1.0000    1.0000
    2.1905    1.6494   30.0749   19.1199    0.2230    1.0000    1.0000
    2.4793    1.1437   29.8194   21.2252    0.2127    1.0000    1.0000
    1.5905    1.2088   15.9630   25.9982    0.2777    1.0000    1.0000
    0.9840    0.9769    7.6903   32.3136    0.3164    1.0000    1.0000
    1.2500    2.0000   22.2500   23.0625    0.2049    1.0000    1.0000
    2.0000    1.0000   20.0000   25.0000    0.2230    1.0000    1.0000
    2.5000    1.0000   29.0000   22.2500    0.2127    1.0000    1.0000
    1.0000    1.2500   10.2500   30.0625    0.2777    1.0000    1.0000
    0.6250    0.6250    3.1250   38.2812    0.3164    1.0000    1.0000
    1.2500    1.0000   10.2500   30.0625    0.2754    1.0000    1.0000
    4.0000    4.0000  128.0000    2.0000    1.0000    1.0000    1.0000
    4.0000    4.0000  128.0000    2.0000    0.8081    1.0000    1.0000
    4.0000    2.5000   89.0002    7.2500    0.4211    1.0000    1.0000
    2.0000    2.5312   41.6289   15.0947    0.1413    1.0000    1.0000
    1.2500    2.0156   22.5010   22.9690    0.0200    1.0000    1.0000
    2.5000    1.0000   29.0000   22.2500    0.0274    1.0000    1.0000
    2.0000    1.0000   20.0001   25.0000    0.0254    1.0000    1.0000
    1.0000    1.2500   10.2500   30.0625    0.0641    1.0000    1.0000
    0.5000    0.6250    2.5625   39.3906    0.0997    1.0000    1.0000
    2.0005    1.2500   22.2578   23.0596    0.0499    1.0000    1.0000
    2.0000    1.2500   22.2500   23.0625    0.0262    1.0000    1.0000
    1.0000    1.0156    8.1260   31.8752    0.0873    1.0000    1.0000
    0.5000    0.6250    2.5625   39.3906    0.1269    1.0000    1.0000
    1.2500    1.0005   10.2539   30.0586    0.0873    1.0000    1.0000
    1.0000    1.0000    8.0000   32.0000    0.0638    1.0000    1.0000
    4.0000    4.0000  128.0000    2.0000    0.8580    1.0000    1.0000
    4.0000    2.5000   89.0000    7.2500    0.3032    1.0000    1.0000
    4.0000    4.0000  128.0000    2.0000    1.0000    1.0000    1.0000
    4.0000    4.0000  128.0000    2.0000    0.7910    1.0000    1.0000
    2.5000    2.0000   41.0000   15.2500    0.0960    1.0000    1.0000
    2.5000    1.0000   29.0000   22.2500    0.0498    1.0000    1.0000
    2.0000    1.0000   20.0000   25.0000    0.0506    1.0000    1.0000
    1.0000    1.0000    8.0000   32.0000    0.1184    1.0000    1.0000
    0.5000    0.6250    2.5625   39.3906    0.1781    1.0000    1.0000
    2.0000    1.2500   22.2500   23.0625    0.0957    1.0000    1.0000
    2.0000    1.0000   20.0000   25.0000    0.0538    1.0000    1.0000
    1.2500    1.2500   12.5000   28.1250    0.1576    1.0000    1.0000
    0.6250    0.5000    2.5625   39.3906    0.2233    1.0000    1.0000
    1.2500    1.0000   10.2500   30.0625    0.1576    1.0000    1.0000
    4.0000    4.0000  128.0000    2.0000    0.3868    1.0000    1.0000
    4.0000    2.5000   89.0000    7.2500    0.0878    1.0000    1.0000
    2.0000    2.5000   41.0000   15.2500    0.0182    1.0000    1.0000
    1.0000    2.5000   29.0000   22.2500    0.0823    1.0000    1.0000
    2.5000    1.0000   29.0000   22.2500    0.0538    1.0000    1.0000
    2.0000    1.2500   22.2500   23.0625    0.0957    1.0000    1.0000
    1.2500    1.0000   10.2500   30.0625    0.1576    1.0000    1.0000
    4.7776    4.5358  173.5961    0.2649    1.0000    1.0000    1.0000
    4.0052    4.9039  160.3628    0.9988    0.8152    1.0000    1.0000
    3.5569    3.1381   89.9974    5.5492    0.2356    1.0000    1.0000
    2.1905    1.6494   30.0749   19.1199    0.2230    1.0000    1.0000
    2.4793    1.1437   29.8194   21.2252    0.2127    1.0000    1.0000
    1.5905    1.2088   15.9630   25.9982    0.2777    1.0000    1.0000
    0.9840    0.9769    7.6903   32.3136    0.3164    1.0000    1.0000
    1.2500    2.0000   22.2500   23.0625    0.2049    1.0000    1.0000
    2.0000    1.0000   20.0000   25.0000    0.2230    1.0000    1.0000
    2.5000    1.0000   29.0000   22.2500    0.2127    1.0000    1.0000
    1.0000    1.2500   10.2500   30.0625    0.2777    1.0000    1.0000
    0.6250    0.6250    3.1250   38.2812    0.3164    1.0000    1.0000
    1.2500    1.0000   10.2500   30.0625    0.2754    1.0000    1.0000
    4.0000    4.0000  128.0000    2.0000    1.0000    1.0000    1.0000
    4.0000    4.0000  128.0000    2.0000    0.8081    1.0000    1.0000
    4.0000    2.5000   89.0002    7.2500    0.4211    1.0000    1.0000
    2.0000    2.5312   41.6289   15.0947    0.1413    1.0000    1.0000
    1.2500    2.0156   22.5010   22.9690    0.0200    1.0000    1.0000
    2.5000    1.0000   29.0000   22.2500    0.0274    1.0000    1.0000
    2.0000    1.0000   20.0001   25.0000    0.0254    1.0000    1.0000
    1.0000    1.2500   10.2500   30.0625    0.0641    1.0000    1.0000
    0.5000    0.6250    2.5625   39.3906    0.0997    1.0000    1.0000
    2.0005    1.2500   22.2578   23.0596    0.0499    1.0000    1.0000
    2.0000    1.2500   22.2500   23.0625    0.0262    1.0000    1.0000
    1.0000    1.0156    8.1260   31.8752    0.0873    1.0000    1.0000
    0.5000    0.6250    2.5625   39.3906    0.1269    1.0000    1.0000
    1.2500    1.0005   10.2539   30.0586    0.0873    1.0000    1.0000
    1.0000    1.0000    8.0000   32.0000    0.0638    1.0000    1.0000
    4.0000    4.0000  128.0000    2.0000    0.8580    1.0000    1.0000
    4.0000    2.5000   89.0000    7.2500    0.3032    1.0000    1.0000
    4.0000    4.0000  128.0000    2.0000    1.0000    1.0000    1.0000
    4.0000    4.0000  128.0000    2.0000    0.7910    1.0000    1.0000
    2.5000    2.0000   41.0000   15.2500    0.0960    1.0000    1.0000
    2.5000    1.0000   29.0000   22.2500    0.0498    1.0000    1.0000
    2.0000    1.0000   20.0000   25.0000    0.0506    1.0000    1.0000
    1.0000    1.0000    8.0000   32.0000    0.1184    1.0000    1.0000
    0.5000    0.6250    2.5625   39.3906    0.1781    1.0000    1.0000
    2.0000    1.2500   22.2500   23.0625    0.0957    1.0000    1.0000
    2.0000    1.0000   20.0000   25.0000    0.0538    1.0000    1.0000
    1.2500    1.2500   12.5000   28.1250    0.1576    1.0000    1.0000
    0.6250    0.5000    2.5625   39.3906    0.2233    1.0000    1.0000
    1.2500    1.0000   10.2500   30.0625    0.1576    1.0000    1.0000
    4.0000    4.0000  128.0000    2.0000    0.3868    1.0000    1.0000
    4.0000    2.5000   89.0000    7.2500    0.0878    1.0000    1.0000
    2.0000    2.5000   41.0000   15.2500    0.0182    1.0000    1.0000
    1.0000    2.5000   29.0000   22.2500    0.0823    1.0000    1.0000
    2.5000    1.0000   29.0000   22.2500    0.0538    1.0000    1.0000
    2.0000    1.2500   22.2500   23.0625    0.0957    1.0000    1.0000
    1.2500    1.0000   10.2500   30.0625    0.1576    1.0000    1.0000
    2.0000    2.0000   32.0000   18.0000    0.1387    1.0000    1.0000
