   -0.0651   -0.1749    1.2536    1.0000    1.0000    1.0000
   -0.2315   -0.1641    2.1348    0.7880    2.0000    1.0000
   -0.1975    0.3453    2.9253    0.6193    3.0000    1.0000
   -0.6861   -0.8810    4.4532    0.3508    4.0000    1.0000
    1.9370   -0.1298    5.2856    0.2364    5.0000    1.0000
    1.3498   -0.8419    5.7678    0.1804    6.0000    1.0000
   -0.3162   -1.3888    5.8101    0.1759    7.0000    1.0000
    2.1496    0.9062    6.3030    0.1271    8.0000    1.0000
    1.4769   -0.5534    6.3364    0.1241    9.0000    1.0000
    0.4533    1.7403    6.6084    0.1009   10.0000    1.0000
    1.6722    0.5750    6.6370    0.0986   11.0000    1.0000
   -1.7564    0.6015    6.6538    0.0973   12.0000    1.0000
   -2.0577    0.5039    6.9280    0.0767   13.0000    1.0000
    2.1834    0.4963    7.4034    0.0468   14.0000    1.0000
   -1.9188    1.5513    7.6469    0.0343   15.0000    1.0000
    0.2264   -2.7733    8.0663    0.0174   16.0000    1.0000
   -1.2443   -2.8741    8.4278    0.0074   17.0000    1.0000
    2.7599   -0.6790    8.5066    0.0057   18.0000    1.0000
   -1.9693    2.7830    8.5587    0.0048   19.0000    1.0000
   -2.1040   -2.3195    8.6706    0.0030   20.0000    1.0000
   -0.1391   -3.3131    9.0685    0.0000   21.0000    1.0000
    1.5145   -2.9956    9.2751    0.0005   22.0000    1.0000
    3.0912    2.2870    9.7511    0.0069   23.0000    1.0000
    3.3188   -0.5842    9.7732    0.0073   24.0000    1.0000
    0.5826    3.3318    9.8155    0.0083   25.0000    1.0000
   -2.2915    2.5427    9.8501    0.0091   26.0000    1.0000
   -3.5544    0.1893    9.8765    0.0098   27.0000    1.0000
    2.3644   -3.0788   10.0503    0.0146   28.0000    1.0000
   -1.5814    3.2887   10.2078    0.0199   29.0000    1.0000
   -0.5321   -3.5285   10.2693    0.0222   30.0000    1.0000
    2.7170   -3.1418   10.3677    0.0260   31.0000    1.0000
   -1.5660   -3.3950   10.5051    0.0320   32.0000    1.0000
    1.7687   -3.5646   10.6558    0.0392   33.0000    1.0000
    3.4026   -2.3081   10.9810    0.0574   34.0000    1.0000
    4.1742   -2.9539   10.9833    0.0575   35.0000    1.0000
   -3.3924    2.3232   10.9945    0.0582   36.0000    1.0000
   -2.2782    4.1229   11.1348    0.0671   37.0000    1.0000
    3.7759    2.7739   11.2394    0.0742   38.0000    1.0000
    3.5776    2.9322   11.3071    0.0790   39.0000    1.0000
    1.3513   -4.2512   11.3353    0.0810   40.0000    1.0000
    4.5475    0.9264   11.3731    0.0838   41.0000    1.0000
    4.7143    0.3838   11.8565    0.1233   42.0000    1.0000
   -1.5231   -4.9011   12.1241    0.1484   43.0000    1.0000
    4.1085   -3.3771   12.2606    0.1621   44.0000    1.0000
    2.3772    4.3511   12.2791    0.1640   45.0000    1.0000
   -4.4922   -2.2724   12.3387    0.1702   46.0000    1.0000
   -2.7569    4.8027   12.3768    0.1742   47.0000    1.0000
    2.5376   -4.5688   12.7768    0.2194   48.0000    1.0000
    4.8120    3.3010   12.9227    0.2371   49.0000    1.0000
   -4.1219    4.7844   12.9344    0.2386   50.0000    1.0000
   -0.0749   -0.1484    1.0798    0.0000    1.0000    1.0000
   -0.0651   -0.1749    1.2536    1.0000    2.0000    1.0000
   -0.2305   -0.1503    2.0562    0.0000    3.0000    1.0000
   -0.2315   -0.1641    2.1348    0.7880    4.0000    1.0000
   -0.1892    0.3238    2.7883    0.0000    5.0000    1.0000
   -0.1975    0.3453    2.9253    0.6193    6.0000    1.0000
    1.0143   -0.8142    4.0762    0.0000    7.0000    1.0000
   -0.6861   -0.8810    4.4532    0.3508    8.0000    1.0000
   -0.5539   -0.8115    4.5594    0.0000    9.0000    1.0000
   -0.3431   -1.2030    5.0835    0.0000   10.0000    1.0000
    1.9370   -0.1298    5.2856    0.2364   11.0000    1.0000
    1.3498   -0.8419    5.7678    0.1804   12.0000    1.0000
    1.2929   -0.5678    5.7835    0.0000   13.0000    1.0000
   -0.3162   -1.3888    5.8101    0.1759   14.0000    1.0000
    1.6290   -0.1277    5.8418    0.0000   15.0000    1.0000
    2.1496    0.9062    6.3030    0.1271   16.0000    1.0000
    1.4769   -0.5534    6.3364    0.1241   17.0000    1.0000
   -1.8373    0.7032    6.4528    0.0000   18.0000    1.0000
    0.3912    1.6875    6.5033    0.0000   19.0000    1.0000
    0.4533    1.7403    6.6084    0.1009   20.0000    1.0000
    1.8356    0.6005    6.6355    0.0000   21.0000    1.0000
    1.6722    0.5750    6.6370    0.0986   22.0000    1.0000
    2.1232    0.7739    6.6489    0.0000   23.0000    1.0000
   -1.7564    0.6015    6.6538    0.0973   24.0000    1.0000
   -2.0577    0.5039    6.9280    0.0767   25.0000    1.0000
   -2.1302    0.6251    7.1189    0.0000   26.0000    1.0000
   -2.0744   -2.0977    7.1888    0.0000   27.0000    1.0000
    2.1834    0.4963    7.4034    0.0468   28.0000    1.0000
   -1.9188    1.5513    7.6469    0.0343   29.0000    1.0000
    2.2555   -0.6394    7.6486    0.0000   30.0000    1.0000
    0.2247   -2.3672    7.6560    0.0000   31.0000    1.0000
   -1.5948    1.7188    7.7629    0.0000   32.0000    1.0000
    0.2264   -2.7733    8.0663    0.0174   33.0000    1.0000
   -0.1412   -3.1551    8.1070    0.0000   34.0000    1.0000
    2.4327    0.3830    8.1626    0.0000   35.0000    1.0000
   -1.9522    2.8755    8.1859    0.0000   36.0000    1.0000
    3.0079   -0.7446    8.1947    0.0000   37.0000    1.0000
   -1.1455   -2.7598    8.2120    0.0000   38.0000    1.0000
   -1.2443   -2.8741    8.4278    0.0074   39.0000    1.0000
    2.7599   -0.6790    8.5066    0.0057   40.0000    1.0000
   -1.9693    2.7830    8.5587    0.0048   41.0000    1.0000
    2.0401   -3.1333    8.6635    0.0000   42.0000    1.0000
   -2.1040   -2.3195    8.6706    0.0030   43.0000    1.0000
   -0.1391   -3.3131    9.0685    0.0000   44.0000    1.0000
   -1.7058    3.0627    9.1527    0.0000   45.0000    1.0000
    1.6854   -2.5030    9.1678    0.0000   46.0000    1.0000
    1.5145   -2.9956    9.2751    0.0005   47.0000    1.0000
   -3.9420    0.2048    9.4387    0.0000   48.0000    1.0000
   -0.6250   -3.2667    9.5565    0.0000   49.0000    1.0000
    2.0611    4.0376    9.5989    0.0000   50.0000    1.0000
   -0.0797   -0.1409    1.0432    0.0000    1.0000    1.0000
   -0.0749   -0.1484    1.0798    0.0000    2.0000    1.0000
   -0.0651   -0.1749    1.2536    1.0000    3.0000    1.0000
   -0.0897   -0.1862    1.4400    0.0000    4.0000    1.0000
   -0.2304   -0.1412    2.0099    0.0000    5.0000    1.0000
   -0.2316   -0.1402    2.0136    0.0000    6.0000    1.0000
   -0.2305   -0.1503    2.0562    0.0000    7.0000    1.0000
   -0.2315   -0.1641    2.1348    0.7880    8.0000    1.0000
   -0.2230    0.2536    2.5755    0.0000    9.0000    1.0000
   -0.1971    0.2904    2.6485    0.0000   10.0000    1.0000
   -0.1892    0.3238    2.7883    0.0000   11.0000    1.0000
   -0.1975    0.3453    2.9253    0.6193   12.0000    1.0000
    1.0603   -0.9795    3.7988    0.0000   13.0000    1.0000
    1.0143   -0.8142    4.0762    0.0000   14.0000    1.0000
   -0.6861   -0.8810    4.4532    0.3508   15.0000    1.0000
   -0.5539   -0.8115    4.5594    0.0000   16.0000    1.0000
   -0.5061   -0.9668    4.5888    0.0000   17.0000    1.0000
   -0.5413   -0.9531    4.5950    0.0000   18.0000    1.0000
   -0.3431   -1.2030    5.0835    0.0000   19.0000    1.0000
    1.9370   -0.1298    5.2856    0.2364   20.0000    1.0000
   -0.3309   -1.2715    5.3765    0.0000   21.0000    1.0000
    1.2541   -0.5476    5.6249    0.0000   22.0000    1.0000
    1.3263   -0.8419    5.6591    0.0000   23.0000    1.0000
    2.0402    0.8984    5.7018    0.0000   24.0000    1.0000
    1.2732   -0.5628    5.7062    0.0000   25.0000    1.0000
    1.3498   -0.8419    5.7678    0.1804   26.0000    1.0000
    1.2929   -0.5678    5.7835    0.0000   27.0000    1.0000
   -0.3162   -1.3888    5.8101    0.1759   28.0000    1.0000
    1.5631   -0.1421    5.8367    0.0000   29.0000    1.0000
    1.7144   -0.1500    5.8381    0.0000   30.0000    1.0000
    1.6290   -0.1277    5.8418    0.0000   31.0000    1.0000
   -0.2529   -1.4977    5.9831    0.0000   32.0000    1.0000
   -1.0529   -2.1329    6.1871    0.0000   33.0000    1.0000
    2.1496    0.9062    6.3030    0.1271   34.0000    1.0000
    1.4769   -0.5534    6.3364    0.1241   35.0000    1.0000
    2.1464    0.8828    6.3533    0.0000   36.0000    1.0000
   -1.5314    0.5008    6.4220    0.0000   37.0000    1.0000
   -1.8373    0.7032    6.4528    0.0000   38.0000    1.0000
    0.3912    1.6875    6.5033    0.0000   39.0000    1.0000
   -1.5744    0.5156    6.5066    0.0000   40.0000    1.0000
    0.4293    1.6625    6.5398    0.0000   41.0000    1.0000
    0.4944    1.6392    6.5789    0.0000   42.0000    1.0000
    0.4533    1.7403    6.6084    0.1009   43.0000    1.0000
    1.6468    0.6095    6.6138    0.0000   44.0000    1.0000
    1.8356    0.6005    6.6355    0.0000   45.0000    1.0000
    1.6722    0.5750    6.6370    0.0986   46.0000    1.0000
    2.1232    0.7739    6.6489    0.0000   47.0000    1.0000
    1.8174    0.5870    6.6509    0.0000   48.0000    1.0000
   -1.7564    0.6015    6.6538    0.0973   49.0000    1.0000
   -2.0577    0.5039    6.9280    0.0767   50.0000    1.0000
    0.0000   -0.1428    0.8660    0.0000    1.0000    1.0000
   -0.0698   -0.1458    1.0380    0.0000    2.0000    1.0000
   -0.0641   -0.1486    1.0384    0.0000    3.0000    1.0000
   -0.0797   -0.1409    1.0432    0.0000    4.0000    1.0000
   -0.0790   -0.1425    1.0517    0.0000    5.0000    1.0000
   -0.0749   -0.1484    1.0798    0.0000    6.0000    1.0000
   -0.0000   -0.1725    1.1168    0.0000    7.0000    1.0000
   -0.0647   -0.1740    1.2449    0.0000    8.0000    1.0000
   -0.0651   -0.1749    1.2536    1.0000    9.0000    1.0000
   -0.1964    0.0015    1.3215    0.0000   10.0000    1.0000
   -0.0897   -0.1862    1.4400    0.0000   11.0000    1.0000
   -0.2304   -0.1412    2.0099    0.0000   12.0000    1.0000
   -0.2316   -0.1402    2.0136    0.0000   13.0000    1.0000
   -0.2283   -0.1492    2.0362    0.0000   14.0000    1.0000
   -0.2305   -0.1503    2.0562    0.0000   15.0000    1.0000
   -0.2290   -0.1635    2.1155    0.0000   16.0000    1.0000
   -0.2315   -0.1641    2.1348    0.7880   17.0000    1.0000
   -0.2432   -0.1631    2.2055    0.0000   18.0000    1.0000
   -0.1876    0.2689    2.4834    0.0000   19.0000    1.0000
   -0.2230    0.2536    2.5755    0.0000   20.0000    1.0000
   -0.1971    0.2904    2.6485    0.0000   21.0000    1.0000
   -0.2297    0.2832    2.7624    0.0000   22.0000    1.0000
   -0.1892    0.3238    2.7883    0.0000   23.0000    1.0000
   -0.1975    0.3453    2.9253    0.6193   24.0000    1.0000
   -0.2165    0.3629    3.0769    0.0000   25.0000    1.0000
    1.0603   -0.9795    3.7988    0.0000   26.0000    1.0000
    1.0143   -0.8142    4.0762    0.0000   27.0000    1.0000
   -0.6861   -0.8810    4.4532    0.3508   28.0000    1.0000
   -0.5044   -0.8054    4.5139    0.0000   29.0000    1.0000
   -0.6401   -0.9578    4.5469    0.0000   30.0000    1.0000
   -0.6466   -0.8189    4.5506    0.0000   31.0000    1.0000
   -0.5539   -0.8115    4.5594    0.0000   32.0000    1.0000
   -0.5061   -0.9668    4.5888    0.0000   33.0000    1.0000
   -0.5413   -0.9531    4.5950    0.0000   34.0000    1.0000
   -0.5310   -0.9720    4.6162    0.0000   35.0000    1.0000
   -0.2586   -1.2028    4.7855    0.0000   36.0000    1.0000
    1.0899   -0.5010    4.9135    0.0000   37.0000    1.0000
    1.2065   -0.8644    4.9139    0.0000   38.0000    1.0000
    1.1004   -0.5061    4.9580    0.0000   39.0000    1.0000
   -0.3431   -1.2030    5.0835    0.0000   40.0000    1.0000
    1.9370   -0.1298    5.2856    0.2364   41.0000    1.0000
   -0.3319   -1.2564    5.3096    0.0000   42.0000    1.0000
   -0.3309   -1.2715    5.3765    0.0000   43.0000    1.0000
    1.8362   -0.1450    5.5469    0.0000   44.0000    1.0000
    1.5348    0.0000    5.6085    0.0000   45.0000    1.0000
    1.2935   -0.7725    5.6187    0.0000   46.0000    1.0000
    1.2541   -0.5476    5.6249    0.0000   47.0000    1.0000
    1.3263   -0.8419    5.6591    0.0000   48.0000    1.0000
    2.0402    0.8984    5.7018    0.0000   49.0000    1.0000
    1.2732   -0.5628    5.7062    0.0000   50.0000    1.0000
   -0.0000   -0.1306    0.7657    0.0000    1.0000    1.0000
    0.0000   -0.1428    0.8660    0.0000    2.0000    1.0000
   -0.0648   -0.1339    0.9258    0.0000    3.0000    1.0000
   -0.0683   -0.1444    1.0212    0.0000    4.0000    1.0000
   -0.0795   -0.1381    1.0215    0.0000    5.0000    1.0000
   -0.0670   -0.1472    1.0378    0.0000    6.0000    1.0000
   -0.0698   -0.1458    1.0380    0.0000    7.0000    1.0000
   -0.0641   -0.1486    1.0384    0.0000    8.0000    1.0000
   -0.0797   -0.1409    1.0432    0.0000    9.0000    1.0000
   -0.0790   -0.1425    1.0517    0.0000   10.0000    1.0000
   -0.0749   -0.1484    1.0798    0.0000   11.0000    1.0000
   -0.0000   -0.1725    1.1168    0.0000   12.0000    1.0000
   -0.0851   -0.1492    1.1312    0.0000   13.0000    1.0000
    0.0000   -0.1767    1.1529    0.0000   14.0000    1.0000
   -0.0647   -0.1740    1.2449    0.0000   15.0000    1.0000
   -0.0668   -0.1739    1.2510    0.0000   16.0000    1.0000
   -0.0651   -0.1749    1.2536    1.0000   17.0000    1.0000
   -0.1964    0.0015    1.3215    0.0000   18.0000    1.0000
   -0.0837   -0.1837    1.3946    0.0000   19.0000    1.0000
   -0.0826   -0.1854    1.4035    0.0000   20.0000    1.0000
   -0.0897   -0.1862    1.4400    0.0000   21.0000    1.0000
   -0.2237    0.0012    1.5508    0.0000   22.0000    1.0000
   -0.1905   -0.1402    1.7260    0.0000   23.0000    1.0000
   -0.2166   -0.1260    1.8373    0.0000   24.0000    1.0000
   -0.2119   -0.1520    1.9399    0.0000   25.0000    1.0000
   -0.2304   -0.1412    2.0099    0.0000   26.0000    1.0000
   -0.2316   -0.1402    2.0136    0.0000   27.0000    1.0000
   -0.2283   -0.1492    2.0362    0.0000   28.0000    1.0000
   -0.2308   -0.1471    2.0418    0.0000   29.0000    1.0000
   -0.2339   -0.1451    2.0536    0.0000   30.0000    1.0000
   -0.2305   -0.1503    2.0562    0.0000   31.0000    1.0000
   -0.2474   -0.1263    2.0566    0.0000   32.0000    1.0000
   -0.2202   -0.1703    2.0948    0.0000   33.0000    1.0000
   -0.2290   -0.1635    2.1155    0.0000   34.0000    1.0000
   -0.2315   -0.1641    2.1348    0.7880   35.0000    1.0000
   -0.2432   -0.1631    2.2055    0.0000   36.0000    1.0000
   -0.1876    0.2689    2.4834    0.0000   37.0000    1.0000
   -0.2230    0.2536    2.5755    0.0000   38.0000    1.0000
   -0.2241    0.2662    2.6480    0.0000   39.0000    1.0000
   -0.1971    0.2904    2.6485    0.0000   40.0000    1.0000
   -0.2304    0.2628    2.6616    0.0000   41.0000    1.0000
   -0.2297    0.2832    2.7624    0.0000   42.0000    1.0000
   -0.1892    0.3238    2.7883    0.0000   43.0000    1.0000
   -0.2217    0.3074    2.8465    0.0000   44.0000    1.0000
   -0.1975    0.3453    2.9253    0.6193   45.0000    1.0000
   -0.1881    0.3652    2.9790    0.0000   46.0000    1.0000
   -0.1964    0.3595    2.9855    0.0000   47.0000    1.0000
   -0.2050    0.3687    3.0577    0.0000   48.0000    1.0000
   -0.2342    0.3448    3.0692    0.0000   49.0000    1.0000
   -0.2165    0.3629    3.0769    0.0000   50.0000    1.0000
   -0.0692   -0.0000    0.3182    0.0000    1.0000    1.0000
   -0.0000   -0.1267    0.7341    0.0000    2.0000    1.0000
   -0.0000   -0.1306    0.7657    0.0000    3.0000    1.0000
    0.0000   -0.1428    0.8660    0.0000    4.0000    1.0000
   -0.0648   -0.1339    0.9258    0.0000    5.0000    1.0000
   -0.0659   -0.1395    0.9739    0.0000    6.0000    1.0000
   -0.0839   -0.1293    0.9769    0.0000    7.0000    1.0000
   -0.0791   -0.1329    0.9800    0.0000    8.0000    1.0000
   -0.0769   -0.1346    0.9830    0.0000    9.0000    1.0000
   -0.0683   -0.1444    1.0212    0.0000   10.0000    1.0000
   -0.0795   -0.1381    1.0215    0.0000   11.0000    1.0000
   -0.0670   -0.1472    1.0378    0.0000   12.0000    1.0000
   -0.0698   -0.1458    1.0380    0.0000   13.0000    1.0000
   -0.0641   -0.1486    1.0384    0.0000   14.0000    1.0000
   -0.0782   -0.1413    1.0391    0.0000   15.0000    1.0000
   -0.0797   -0.1409    1.0432    0.0000   16.0000    1.0000
   -0.0846   -0.1386    1.0490    0.0000   17.0000    1.0000
   -0.0790   -0.1425    1.0517    0.0000   18.0000    1.0000
    0.0000   -0.1660    1.0618    0.0000   19.0000    1.0000
   -0.0899   -0.1376    1.0678    0.0000   20.0000    1.0000
   -0.0768   -0.1463    1.0715    0.0000   21.0000    1.0000
    0.0630   -0.1534    1.0722    0.0000   22.0000    1.0000
   -0.0749   -0.1484    1.0798    0.0000   23.0000    1.0000
   -0.0000   -0.1725    1.1168    0.0000   24.0000    1.0000
   -0.0851   -0.1492    1.1312    0.0000   25.0000    1.0000
   -0.0829   -0.1529    1.1499    0.0000   26.0000    1.0000
    0.0000   -0.1767    1.1529    0.0000   27.0000    1.0000
   -0.0820   -0.1544    1.1572    0.0000   28.0000    1.0000
    0.0000   -0.1855    1.2286    0.0000   29.0000    1.0000
   -0.0000   -0.1857    1.2298    0.0000   30.0000    1.0000
   -0.0647   -0.1740    1.2449    0.0000   31.0000    1.0000
   -0.0668   -0.1739    1.2510    0.0000   32.0000    1.0000
   -0.0651   -0.1749    1.2536    1.0000   33.0000    1.0000
   -0.1907   -0.0000    1.2730    0.0000   34.0000    1.0000
   -0.0838   -0.1743    1.3207    0.0000   35.0000    1.0000
   -0.1964    0.0015    1.3215    0.0000   36.0000    1.0000
   -0.0849   -0.1770    1.3466    0.0000   37.0000    1.0000
   -0.0761   -0.1815    1.3471    0.0000   38.0000    1.0000
   -0.0833   -0.1791    1.3568    0.0000   39.0000    1.0000
   -0.0837   -0.1837    1.3946    0.0000   40.0000    1.0000
   -0.0826   -0.1854    1.4035    0.0000   41.0000    1.0000
   -0.0897   -0.1862    1.4400    0.0000   42.0000    1.0000
   -0.2218    0.0012    1.5354    0.0000   43.0000    1.0000
   -0.2222    0.0011    1.5389    0.0000   44.0000    1.0000
   -0.2237    0.0012    1.5508    0.0000   45.0000    1.0000
   -0.1905   -0.1402    1.7260    0.0000   46.0000    1.0000
   -0.1927   -0.1429    1.7570    0.0000   47.0000    1.0000
   -0.2166   -0.1260    1.8373    0.0000   48.0000    1.0000
   -0.2119   -0.1422    1.8873    0.0000   49.0000    1.0000
   -0.2199   -0.1365    1.9135    0.0000   50.0000    1.0000
   -0.0000   -0.0000    0.0000    0.0000    1.0000    1.0000
   -0.0692   -0.0000    0.3182    0.0000    2.0000    1.0000
   -0.0836   -0.0000    0.4124    0.0000    3.0000    1.0000
   -0.0837   -0.0000    0.4133    0.0000    4.0000    1.0000
   -0.0000   -0.1267    0.7341    0.0000    5.0000    1.0000
    0.0000   -0.1274    0.7399    0.0000    6.0000    1.0000
   -0.0003   -0.1294    0.7562    0.0000    7.0000    1.0000
   -0.0000   -0.1306    0.7657    0.0000    8.0000    1.0000
    0.0000   -0.1428    0.8660    0.0000    9.0000    1.0000
    0.0000   -0.1446    0.8810    0.0000   10.0000    1.0000
   -0.0640   -0.1288    0.8845    0.0000   11.0000    1.0000
   -0.0648   -0.1339    0.9258    0.0000   12.0000    1.0000
   -0.0662   -0.1338    0.9307    0.0000   13.0000    1.0000
   -0.0674   -0.1349    0.9438    0.0000   14.0000    1.0000
   -0.0692   -0.1347    0.9495    0.0000   15.0000    1.0000
   -0.0000   -0.1532    0.9530    0.0000   16.0000    1.0000
   -0.0847   -0.1267    0.9622    0.0000   17.0000    1.0000
   -0.0654   -0.1390    0.9678    0.0000   18.0000    1.0000
   -0.0659   -0.1395    0.9739    0.0000   19.0000    1.0000
   -0.0839   -0.1293    0.9769    0.0000   20.0000    1.0000
   -0.0625   -0.1420    0.9798    0.0000   21.0000    1.0000
   -0.0791   -0.1329    0.9800    0.0000   22.0000    1.0000
   -0.0769   -0.1346    0.9830    0.0000   23.0000    1.0000
   -0.0683   -0.1444    1.0212    0.0000   24.0000    1.0000
   -0.0795   -0.1381    1.0215    0.0000   25.0000    1.0000
   -0.0670   -0.1472    1.0378    0.0000   26.0000    1.0000
   -0.0688   -0.1463    1.0379    0.0000   27.0000    1.0000
   -0.0698   -0.1458    1.0380    0.0000   28.0000    1.0000
   -0.0641   -0.1486    1.0384    0.0000   29.0000    1.0000
   -0.0782   -0.1413    1.0391    0.0000   30.0000    1.0000
   -0.0797   -0.1409    1.0432    0.0000   31.0000    1.0000
   -0.0846   -0.1386    1.0490    0.0000   32.0000    1.0000
    0.0000   -0.1647    1.0502    0.0000   33.0000    1.0000
   -0.0790   -0.1425    1.0517    0.0000   34.0000    1.0000
   -0.0797   -0.1422    1.0532    0.0000   35.0000    1.0000
   -0.0641   -0.1513    1.0591    0.0000   36.0000    1.0000
    0.0000   -0.1660    1.0618    0.0000   37.0000    1.0000
   -0.0752   -0.1461    1.0626    0.0000   38.0000    1.0000
   -0.0817   -0.1427    1.0659    0.0000   39.0000    1.0000
   -0.0899   -0.1376    1.0678    0.0000   40.0000    1.0000
   -0.0768   -0.1463    1.0715    0.0000   41.0000    1.0000
   -0.0790   -0.1451    1.0720    0.0000   42.0000    1.0000
    0.0630   -0.1534    1.0722    0.0000   43.0000    1.0000
   -0.0857   -0.1412    1.0733    0.0000   44.0000    1.0000
   -0.0749   -0.1484    1.0798    0.0000   45.0000    1.0000
   -0.0628   -0.1546    1.0812    0.0000   46.0000    1.0000
   -0.0803   -0.1462    1.0861    0.0000   47.0000    1.0000
   -0.0000   -0.1696    1.0923    0.0000   48.0000    1.0000
   -0.0878   -0.1441    1.1053    0.0000   49.0000    1.0000
   -0.0789   -0.1502    1.1110    0.0000   50.0000    1.0000
   -0.0000   -0.0000    0.0000    0.0000    1.0000    1.0000
   -0.0000   -0.0000    0.0000    0.0000    2.0000    1.0000
   -0.0668   -0.0000    0.3034    0.0000    3.0000    1.0000
   -0.0670   -0.0006    0.3046    0.0000    4.0000    1.0000
   -0.0692   -0.0000    0.3180    0.0000    5.0000    1.0000
   -0.0692   -0.0000    0.3182    0.0000    6.0000    1.0000
   -0.0788   -0.0000    0.3801    0.0000    7.0000    1.0000
   -0.0836   -0.0000    0.4124    0.0000    8.0000    1.0000
   -0.0837   -0.0000    0.4133    0.0000    9.0000    1.0000
   -0.0000   -0.1260    0.7286    0.0000   10.0000    1.0000
   -0.0000   -0.1262    0.7306    0.0000   11.0000    1.0000
   -0.0000   -0.1267    0.7341    0.0000   12.0000    1.0000
    0.0000   -0.1268    0.7351    0.0000   13.0000    1.0000
    0.0000   -0.1274    0.7399    0.0000   14.0000    1.0000
   -0.0003   -0.1294    0.7562    0.0000   15.0000    1.0000
   -0.0003   -0.1298    0.7595    0.0000   16.0000    1.0000
   -0.0000   -0.1306    0.7657    0.0000   17.0000    1.0000
   -0.0000   -0.1306    0.7658    0.0000   18.0000    1.0000
   -0.0000   -0.1410    0.8514    0.0000   19.0000    1.0000
    0.0000   -0.1427    0.8656    0.0000   20.0000    1.0000
    0.0000   -0.1428    0.8660    0.0000   21.0000    1.0000
   -0.0631   -0.1288    0.8806    0.0000   22.0000    1.0000
    0.0000   -0.1446    0.8810    0.0000   23.0000    1.0000
    0.0000   -0.1449    0.8835    0.0000   24.0000    1.0000
   -0.0640   -0.1288    0.8845    0.0000   25.0000    1.0000
   -0.0637   -0.1334    0.9178    0.0000   26.0000    1.0000
   -0.0645   -0.1339    0.9246    0.0000   27.0000    1.0000
   -0.0648   -0.1339    0.9258    0.0000   28.0000    1.0000
   -0.0662   -0.1338    0.9307    0.0000   29.0000    1.0000
   -0.0665   -0.1350    0.9411    0.0000   30.0000    1.0000
   -0.0674   -0.1349    0.9438    0.0000   31.0000    1.0000
   -0.0689   -0.1346    0.9480    0.0000   32.0000    1.0000
   -0.0695   -0.1343    0.9487    0.0000   33.0000    1.0000
   -0.0692   -0.1347    0.9495    0.0000   34.0000    1.0000
   -0.0000   -0.1532    0.9530    0.0000   35.0000    1.0000
   -0.0847   -0.1267    0.9622    0.0000   36.0000    1.0000
   -0.0654   -0.1390    0.9675    0.0000   37.0000    1.0000
   -0.0654   -0.1390    0.9678    0.0000   38.0000    1.0000
   -0.0659   -0.1395    0.9739    0.0000   39.0000    1.0000
   -0.0639   -0.1406    0.9747    0.0000   40.0000    1.0000
    0.0632   -0.1412    0.9768    0.0000   41.0000    1.0000
   -0.0839   -0.1293    0.9769    0.0000   42.0000    1.0000
   -0.0625   -0.1420    0.9798    0.0000   43.0000    1.0000
   -0.0791   -0.1329    0.9800    0.0000   44.0000    1.0000
   -0.0782   -0.1337    0.9821    0.0000   45.0000    1.0000
   -0.0769   -0.1346    0.9830    0.0000   46.0000    1.0000
   -0.0840   -0.1304    0.9851    0.0000   47.0000    1.0000
   -0.0639   -0.1424    0.9887    0.0000   48.0000    1.0000
   -0.0679   -0.1435    1.0121    0.0000   49.0000    1.0000
   -0.0791   -0.1381    1.0193    0.0000   50.0000    1.0000
   -0.0000   -0.0000    0.0000    0.0000    1.0000    1.0000
   -0.0000   -0.0000    0.0000    0.0000    2.0000    1.0000
   -0.0000   -0.0000    0.0000    0.0000    3.0000    1.0000
   -0.0000   -0.0000    0.0000    0.0000    4.0000    1.0000
   -0.0000   -0.0000    0.0000    0.0000    5.0000    1.0000
   -0.0636   -0.0000    0.2842    0.0000    6.0000    1.0000
   -0.0642   -0.0000    0.2875    0.0000    7.0000    1.0000
   -0.0642   -0.0000    0.2878    0.0000    8.0000    1.0000
   -0.0668   -0.0000    0.3034    0.0000    9.0000    1.0000
   -0.0670   -0.0006    0.3046    0.0000   10.0000    1.0000
   -0.0673   -0.0000    0.3068    0.0000   11.0000    1.0000
   -0.0692   -0.0000    0.3180    0.0000   12.0000    1.0000
   -0.0692   -0.0000    0.3182    0.0000   13.0000    1.0000
   -0.0696   -0.0000    0.3205    0.0000   14.0000    1.0000
   -0.0703   -0.0006    0.3250    0.0000   15.0000    1.0000
   -0.0788   -0.0000    0.3801    0.0000   16.0000    1.0000
   -0.0819   -0.0000    0.4008    0.0000   17.0000    1.0000
   -0.0836   -0.0000    0.4124    0.0000   18.0000    1.0000
   -0.0837   -0.0000    0.4133    0.0000   19.0000    1.0000
   -0.0000   -0.1259    0.7279    0.0000   20.0000    1.0000
   -0.0000   -0.1260    0.7286    0.0000   21.0000    1.0000
   -0.0000   -0.1262    0.7306    0.0000   22.0000    1.0000
   -0.0000   -0.1267    0.7341    0.0000   23.0000    1.0000
    0.0000   -0.1268    0.7351    0.0000   24.0000    1.0000
    0.0000   -0.1274    0.7399    0.0000   25.0000    1.0000
   -0.0000   -0.1282    0.7465    0.0000   26.0000    1.0000
   -0.0003   -0.1294    0.7562    0.0000   27.0000    1.0000
   -0.0003   -0.1298    0.7595    0.0000   28.0000    1.0000
   -0.0000   -0.1306    0.7657    0.0000   29.0000    1.0000
   -0.0000   -0.1306    0.7658    0.0000   30.0000    1.0000
    0.0000   -0.1341    0.7946    0.0000   31.0000    1.0000
    0.0000   -0.1342    0.7949    0.0000   32.0000    1.0000
   -0.0000   -0.1345    0.7978    0.0000   33.0000    1.0000
   -0.0003   -0.1350    0.8018    0.0000   34.0000    1.0000
   -0.0000   -0.1360    0.8097    0.0000   35.0000    1.0000
   -0.0000   -0.1393    0.8371    0.0000   36.0000    1.0000
   -0.0000   -0.1398    0.8409    0.0000   37.0000    1.0000
   -0.0000   -0.1410    0.8514    0.0000   38.0000    1.0000
   -0.0631   -0.1253    0.8536    0.0000   39.0000    1.0000
    0.0000   -0.1413    0.8537    0.0000   40.0000    1.0000
   -0.0000   -0.1416    0.8559    0.0000   41.0000    1.0000
   -0.0632   -0.1260    0.8597    0.0000   42.0000    1.0000
    0.0000   -0.1427    0.8656    0.0000   43.0000    1.0000
   -0.0665   -0.1250    0.8660    0.0000   44.0000    1.0000
    0.0000   -0.1428    0.8660    0.0000   45.0000    1.0000
   -0.0002   -0.1438    0.8746    0.0000   46.0000    1.0000
   -0.0631   -0.1288    0.8806    0.0000   47.0000    1.0000
    0.0000   -0.1446    0.8810    0.0000   48.0000    1.0000
    0.0000   -0.1447    0.8821    0.0000   49.0000    1.0000
   -0.0687   -0.1261    0.8834    0.0000   50.0000    1.0000
   -0.0000   -0.0000    0.0000    0.0000    1.0000    1.0000
   -0.0000   -0.0000    0.0000    0.0000    2.0000    1.0000
   -0.0000   -0.0000    0.0000    0.0000    3.0000    1.0000
   -0.0000   -0.0000    0.0000    0.0000    4.0000    1.0000
   -0.0000   -0.0000    0.0000    0.0000    5.0000    1.0000
   -0.0000   -0.0000    0.0000    0.0000    6.0000    1.0000
   -0.0000   -0.0000    0.0000    0.0000    7.0000    1.0000
   -0.0000   -0.0000    0.0000    0.0000    8.0000    1.0000
   -0.0000   -0.0000    0.0000    0.0000    9.0000    1.0000
   -0.0000   -0.0000    0.0000    0.0000   10.0000    1.0000
   -0.0636   -0.0000    0.2842    0.0000   11.0000    1.0000
   -0.0638   -0.0000    0.2854    0.0000   12.0000    1.0000
   -0.0642   -0.0000    0.2875    0.0000   13.0000    1.0000
   -0.0642   -0.0000    0.2878    0.0000   14.0000    1.0000
   -0.0642   -0.0006    0.2879    0.0000   15.0000    1.0000
   -0.0643   -0.0000    0.2882    0.0000   16.0000    1.0000
   -0.0651   -0.0000    0.2934    0.0000   17.0000    1.0000
   -0.0658   -0.0000    0.2971    0.0000   18.0000    1.0000
   -0.0665   -0.0000    0.3015    0.0000   19.0000    1.0000
   -0.0668   -0.0000    0.3034    0.0000   20.0000    1.0000
   -0.0669   -0.0000    0.3040    0.0000   21.0000    1.0000
   -0.0670   -0.0006    0.3046    0.0000   22.0000    1.0000
   -0.0670   -0.0000    0.3048    0.0000   23.0000    1.0000
   -0.0672   -0.0000    0.3061    0.0000   24.0000    1.0000
   -0.0673   -0.0000    0.3068    0.0000   25.0000    1.0000
   -0.0673   -0.0000    0.3068    0.0000   26.0000    1.0000
   -0.0682   -0.0006    0.3123    0.0000   27.0000    1.0000
   -0.0691   -0.0000    0.3177    0.0000   28.0000    1.0000
   -0.0692   -0.0000    0.3180    0.0000   29.0000    1.0000
   -0.0692   -0.0000    0.3182    0.0000   30.0000    1.0000
   -0.0696   -0.0000    0.3205    0.0000   31.0000    1.0000
   -0.0703   -0.0006    0.3250    0.0000   32.0000    1.0000
   -0.0788   -0.0000    0.3801    0.0000   33.0000    1.0000
   -0.0793   -0.0000    0.3831    0.0000   34.0000    1.0000
   -0.0819   -0.0000    0.4008    0.0000   35.0000    1.0000
   -0.0828   -0.0000    0.4067    0.0000   36.0000    1.0000
   -0.0836   -0.0000    0.4124    0.0000   37.0000    1.0000
   -0.0837   -0.0000    0.4133    0.0000   38.0000    1.0000
   -0.0000   -0.1256    0.7253    0.0000   39.0000    1.0000
   -0.0000   -0.1257    0.7261    0.0000   40.0000    1.0000
   -0.0000   -0.1259    0.7279    0.0000   41.0000    1.0000
   -0.0000   -0.1259    0.7282    0.0000   42.0000    1.0000
   -0.0000   -0.1260    0.7286    0.0000   43.0000    1.0000
   -0.0000   -0.1262    0.7304    0.0000   44.0000    1.0000
   -0.0000   -0.1262    0.7306    0.0000   45.0000    1.0000
   -0.0000   -0.1267    0.7341    0.0000   46.0000    1.0000
    0.0000   -0.1268    0.7349    0.0000   47.0000    1.0000
    0.0000   -0.1268    0.7351    0.0000   48.0000    1.0000
    0.0000   -0.1274    0.7399    0.0000   49.0000    1.0000
   -0.0000   -0.1282    0.7465    0.0000   50.0000    1.0000
   -0.0000   -0.0000    0.0000    0.0000    1.0000    1.0000
   -0.0000   -0.0000    0.0000    0.0000    2.0000    1.0000
   -0.0000   -0.0000    0.0000    0.0000    3.0000    1.0000
   -0.0000   -0.0000    0.0000    0.0000    4.0000    1.0000
   -0.0000   -0.0000    0.0000    0.0000    5.0000    1.0000
   -0.0000   -0.0000    0.0000    0.0000    6.0000    1.0000
   -0.0000   -0.0000    0.0000    0.0000    7.0000    1.0000
   -0.0000   -0.0000    0.0000    0.0000    8.0000    1.0000
   -0.0000   -0.0000    0.0000    0.0000    9.0000    1.0000
   -0.0000   -0.0000    0.0000    0.0000   10.0000    1.0000
   -0.0000   -0.0000    0.0000    0.0000   11.0000    1.0000
   -0.0000   -0.0000    0.0000    0.0000   12.0000    1.0000
   -0.0000   -0.0000    0.0000    0.0000   13.0000    1.0000
   -0.0000   -0.0000    0.0000    0.0000   14.0000    1.0000
   -0.0000   -0.0000    0.0000    0.0000   15.0000    1.0000
   -0.0000   -0.0000    0.0000    0.0000   16.0000    1.0000
   -0.0000   -0.0000    0.0000    0.0000   17.0000    1.0000
   -0.0000   -0.0000    0.0000    0.0000   18.0000    1.0000
   -0.0000   -0.0000    0.0000    0.0000   19.0000    1.0000
   -0.0000   -0.0000    0.0000    0.0000   20.0000    1.0000
   -0.0003   -0.0000    0.0007    0.0000   21.0000    1.0000
   -0.0168   -0.0000    0.0549    0.0000   22.0000    1.0000
   -0.0628   -0.0007    0.2791    0.0000   23.0000    1.0000
   -0.0631   -0.0000    0.2813    0.0000   24.0000    1.0000
   -0.0632   -0.0000    0.2819    0.0000   25.0000    1.0000
   -0.0633   -0.0000    0.2825    0.0000   26.0000    1.0000
   -0.0636   -0.0000    0.2842    0.0000   27.0000    1.0000
   -0.0636   -0.0000    0.2843    0.0000   28.0000    1.0000
   -0.0638   -0.0000    0.2854    0.0000   29.0000    1.0000
   -0.0641   -0.0000    0.2871    0.0000   30.0000    1.0000
   -0.0642   -0.0000    0.2875    0.0000   31.0000    1.0000
   -0.0642   -0.0000    0.2878    0.0000   32.0000    1.0000
   -0.0642   -0.0006    0.2879    0.0000   33.0000    1.0000
   -0.0643   -0.0000    0.2882    0.0000   34.0000    1.0000
   -0.0648   -0.0000    0.2915    0.0000   35.0000    1.0000
   -0.0651   -0.0000    0.2934    0.0000   36.0000    1.0000
   -0.0658   -0.0000    0.2971    0.0000   37.0000    1.0000
   -0.0658   -0.0005    0.2972    0.0000   38.0000    1.0000
   -0.0665   -0.0000    0.3015    0.0000   39.0000    1.0000
   -0.0668   -0.0000    0.3034    0.0000   40.0000    1.0000
   -0.0669   -0.0000    0.3040    0.0000   41.0000    1.0000
   -0.0670   -0.0006    0.3046    0.0000   42.0000    1.0000
   -0.0670   -0.0000    0.3048    0.0000   43.0000    1.0000
   -0.0670   -0.0000    0.3049    0.0000   44.0000    1.0000
   -0.0672   -0.0000    0.3060    0.0000   45.0000    1.0000
   -0.0672   -0.0000    0.3061    0.0000   46.0000    1.0000
   -0.0672   -0.0000    0.3061    0.0000   47.0000    1.0000
   -0.0673   -0.0000    0.3064    0.0000   48.0000    1.0000
   -0.0673   -0.0006    0.3065    0.0000   49.0000    1.0000
   -0.0673   -0.0000    0.3068    0.0000   50.0000    1.0000
