    3.6925    4.3558  130.4305    2.1245    0.5848    1.0000    1.0000
    4.7454    2.9193  124.1641    4.3940    0.5159    1.0000    1.0000
    2.9148    4.1670  103.4381    5.0421    0.3935    1.0000    1.0000
    3.2177    2.4246   64.9286    9.8093    0.2904    1.0000    1.0000
    1.1508    2.7503   35.5531   19.8775    0.2998    1.0000    1.0000
    1.1665    2.5765   31.9962   20.5690    0.3139    1.0000    1.0000
    0.9469    2.6639   31.9718   21.8852    0.3044    1.0000    1.0000
    0.8840    1.8010   16.0999   27.1752    0.3749    1.0000    1.0000
    1.7195    0.4179   12.5258   31.7570    0.3755    1.0000    1.0000
    0.3232    0.4317    1.1633   42.7420    0.4227    1.0000    1.0000
    3.9695    1.4658   71.6228   13.5523    0.2538    2.0000    1.0000
   -0.0395    3.0206   36.5016   29.3144    0.2306    2.0000    1.0000
    2.3030   -1.5822   31.2290   50.5993    0.1584    2.0000    1.0000
   -1.0675    0.9343    8.0499   53.3437    0.3198    2.0000    1.0000
    0.4564   -0.8328    3.6074   54.6662    0.3571    2.0000    1.0000
    3.7645   -0.7096   58.7000   34.1258    0.1250    3.0000    1.0000
    2.7394   -1.3755   37.5863   45.7573    0.1421    3.0000    1.0000
    0.7098   -2.1834   21.0837   70.0063    0.1862    3.0000    1.0000
    0.2085   -1.8764   14.2577   70.2440    0.2380    3.0000    1.0000
   -0.1101   -1.7136   11.7945   71.1858    0.2578    3.0000    1.0000
    3.7481   -1.7753   68.8006   47.4725    0.0507    4.0000    1.0000
    1.5878   -2.8477   42.5225   73.2305    0.0638    4.0000    1.0000
   -2.8617    1.1585   38.1251   76.5635    0.0838    4.0000    1.0000
   -2.2505   -0.0797   20.2841   78.3724    0.1918    4.0000    1.0000
    4.6184   -1.9161  100.0026   47.9782    0.0979    5.0000    1.0000
    2.7856   -3.2351   72.9019   72.7206    0.0002    5.0000    1.0000
    2.3672   -3.4605   70.3136   78.5116    0.0017    5.0000    1.0000
    0.8282   -3.8445   61.8634   95.6286    0.0396    5.0000    1.0000
   -2.2515   -2.3222   41.8478  106.1991    0.1363    5.0000    1.0000
   -2.2601    4.5837  104.4739   52.8821    0.0997    6.0000    1.0000
   -2.3933    4.4593  102.4521   54.9529    0.0855    6.0000    1.0000
    3.0062   -3.6952   90.7684   79.5823    0.0236    6.0000    1.0000
    2.6991   -3.7815   86.3400   82.4091    0.0167    6.0000    1.0000
   -3.7033    2.3264   76.5051   82.8948    0.0059    6.0000    1.0000
   -2.7494   -2.2569   50.6105  112.7152    0.1356    6.0000    1.0000
   -4.0188    3.8454  123.7517   82.6711    0.1818    7.0000    1.0000
   -4.6361    2.9471  120.7151   97.0685    0.1920    7.0000    1.0000
   -4.6524    0.1491   86.6684  116.7006    0.1362    7.0000    1.0000
   -1.1212   -3.9350   66.9659  117.3036    0.1293    7.0000    1.0000
    4.2507   -4.2559  144.7241   86.2334    0.3633    8.0000    1.0000
   -0.5744   -4.8398   95.0143  127.8953    0.2304    8.0000    1.0000
   -3.6504   -2.4090   76.5162  129.7236    0.2116    8.0000    1.0000
    4.3913   -4.7602  167.7724   95.6329    0.6484    9.0000    1.0000
    4.0857   -4.9542  164.9487   99.9221    0.6260    9.0000    1.0000
   -4.2923   -2.1142   91.5769  136.9601    0.2932    9.0000    1.0000
   -3.9981   -3.3463  108.7289  150.6258    0.4876   10.0000    1.0000
   -3.4302   -4.2335  118.7558  156.3261    0.6057   11.0000    1.0000
   -4.0206   -4.0391  129.9169  163.0758    0.7636   12.0000    1.0000
   -3.7661   -4.3798  133.4624  164.8239    0.8137   13.0000    1.0000
   -4.1799   -4.3280  144.8108  171.2812    1.0000   14.0000    1.0000
    3.6925    4.3558  130.4305    2.1245    0.5848    1.0000    1.0000
    4.7454    2.9193  124.1641    4.3940    0.5159    1.0000    1.0000
    2.9148    4.1670  103.4381    5.0421    0.3935    1.0000    1.0000
    3.2177    2.4246   64.9286    9.8093    0.2904    1.0000    1.0000
    1.1508    2.7503   35.5531   19.8775    0.2998    1.0000    1.0000
    1.1665    2.5765   31.9962   20.5690    0.3139    1.0000    1.0000
    0.9469    2.6639   31.9718   21.8852    0.3044    1.0000    1.0000
    0.8840    1.8010   16.0999   27.1752    0.3749    1.0000    1.0000
    1.7195    0.4179   12.5258   31.7570    0.3755    1.0000    1.0000
    0.3232    0.4317    1.1633   42.7420    0.4227    1.0000    1.0000
    3.7129    4.1568  124.2596    2.3676    0.5848    1.0000    1.0000
    3.0024    2.8953   69.5888    8.4202    0.2904    1.0000    1.0000
    1.1675    2.7506   35.7162   19.7475    0.3139    1.0000    1.0000
    0.8899    2.4092   26.3840   23.6056    0.3044    1.0000    1.0000
    0.9527    1.8984   18.0466   26.0006    0.3749    1.0000    1.0000
    0.0200    0.4394    0.7739   45.5993    0.4227    1.0000    1.0000
    3.2701    1.2501   49.0259   17.0545    0.2538    1.0000    1.0000
    3.9695    1.4658   71.6228   13.5523    0.2538    2.0000    1.0000
   -0.0395    3.0206   36.5016   29.3144    0.2306    2.0000    1.0000
   -1.0675    0.9343    8.0499   53.3437    0.3198    2.0000    1.0000
    0.4564   -0.8328    3.6074   54.6662    0.3571    2.0000    1.0000
    4.6314    2.3242  107.4063    7.2960    0.5159    2.0000    1.0000
    2.7573    4.7813  121.8545    5.0774    0.3935    2.0000    1.0000
    0.0053    2.7540   30.3389   29.9913    0.2998    2.0000    1.0000
    1.9864    0.3763   16.3488   30.4610    0.3755    2.0000    1.0000
   -0.0318    3.1256   39.0807   28.8323    0.2306    2.0000    1.0000
    0.4412   -0.8292    3.5290   54.7626    0.3571    2.0000    1.0000
    2.3030   -1.5822   31.2290   50.5993    0.1584    3.0000    1.0000
    3.7645   -0.7096   58.7000   34.1258    0.1250    3.0000    1.0000
    2.7394   -1.3755   37.5863   45.7573    0.1421    3.0000    1.0000
   -1.3772    0.8685   10.6035   57.7375    0.3198    3.0000    1.0000
    3.6719   -0.7036   55.9116   34.2954    0.1250    3.0000    1.0000
    2.5026   -1.3087   31.9025   46.0366    0.1421    3.0000    1.0000
   -0.1193   -1.5409    9.5544   68.9902    0.2578    3.0000    1.0000
   -0.1101   -1.7136   11.7945   71.1858    0.2578    4.0000    1.0000
    2.8648   -1.7349   44.8680   49.9184    0.1584    4.0000    1.0000
    0.2092   -1.7500   12.4251   68.5144    0.2380    4.0000    1.0000
    3.6303   -1.7215   64.5693   47.0546    0.0507    4.0000    1.0000
   -2.0001    1.1133   20.9590   64.1079    0.0838    4.0000    1.0000
    5.0000   -1.7344  112.0322   45.3518    0.0979    4.0000    1.0000
    0.7098   -2.1834   21.0837   70.0063    0.1862    5.0000    1.0000
    0.2085   -1.8764   14.2577   70.2440    0.2380    5.0000    1.0000
    3.7481   -1.7753   68.8006   47.4725    0.0507    5.0000    1.0000
    1.5878   -2.8477   42.5225   73.2305    0.0638    6.0000    1.0000
   -2.2505   -0.0797   20.2841   78.3724    0.1918    6.0000    1.0000
    4.6184   -1.9161  100.0026   47.9782    0.0979    6.0000    1.0000
    0.5000   -2.5000   26.0000   76.5000    0.1862    6.0000    1.0000
    2.0158   -3.0165   52.6505   73.1697    0.0002    6.0000    1.0000
    2.2622   -3.0000   56.4700   71.4956    0.0017    6.0000    1.0000
   -2.8617    1.1585   38.1251   76.5635    0.0838    7.0000    1.0000
